1628410457.030000210 -10.2993 -7.0555 -4.9342 0 0 0 0
1628410457.180000067 -10.2992 -7.0555 -4.9343 0 0 0 0
1628410457.330000162 -10.2993 -7.0556 -4.9343 0 0 0 0
1628410457.460000038 -10.2993 -7.0556 -4.9344 0 0 0 0
1628410457.560000181 -10.2993 -7.0556 -4.9344 0 0 0 0
1628410457.660000086 -10.2993 -7.0555 -4.9344 0 0 0 0
1628410457.820000172 -10.2993 -7.0555 -4.9344 0 0 0 0
1628410457.960000038 -10.2992 -7.0555 -4.9344 0 0 0 0
1628410458.100000143 -10.2992 -7.0555 -4.9344 0 0 0 0
1628410458.270000219 -10.2993 -7.0555 -4.9344 0 0 0 0
1628410458.420000076 -10.2994 -7.0554 -4.9346 0 0 0 0
1628410458.590000153 -10.2993 -7.0554 -4.9345 0 0 0 0
1628410458.720000029 -10.2994 -7.0555 -4.9344 0 0 0 0
1628410458.890000105 -10.2992 -7.0555 -4.9343 0 0 0 0
1628410459.070000172 -10.2993 -7.0555 -4.9345 0 0 0 0
1628410459.230000019 -10.2993 -7.0555 -4.9343 0 0 0 0
1628410459.380000114 -10.2993 -7.0555 -4.9344 0 0 0 0
1628410459.540000200 -10.2993 -7.0556 -4.9344 0 0 0 0
1628410459.690000057 -10.2994 -7.0556 -4.9342 0 0 0 0
1628410459.860000134 -10.2993 -7.0555 -4.9343 0 0 0 0
1628410459.980000019 -10.2992 -7.0556 -4.9343 0 0 0 0
1628410460.100000143 -10.2994 -7.0557 -4.9343 0 0 0 0
1628410460.200000048 -10.2993 -7.0556 -4.9343 0 0 0 0
1628410460.450000048 -10.2993 -7.0554 -4.9343 0 0 0 0
1628410460.610000134 -10.2993 -7.0556 -4.9343 0 0 0 0
1628410460.790000200 -10.2993 -7.0555 -4.9343 0 0 0 0
1628410460.950000048 -10.2993 -7.0556 -4.9343 0 0 0 0
1628410461.130000114 -10.2992 -7.0556 -4.9343 0 0 0 0
1628410461.290000200 -10.2993 -7.0555 -4.9344 0 0 0 0
1628410461.400000095 -10.2994 -7.0556 -4.9344 0 0 0 0
1628410461.520000219 -10.2994 -7.0556 -4.9344 0 0 0 0
1628410461.700000048 -10.2994 -7.0555 -4.9344 0 0 0 0
1628410461.860000134 -10.2994 -7.0556 -4.9343 0 0 0 0
1628410462.040000200 -10.2993 -7.0556 -4.9344 0 0 0 0
1628410462.280000210 -10.2994 -7.0556 -4.9343 0 0 0 0
1628410462.430000067 -10.2993 -7.0557 -4.9342 0 0 0 0
1628410462.610000134 -10.2994 -7.0556 -4.9343 0 0 0 0
1628410462.710000038 -10.2995 -7.0557 -4.9343 0 0 0 0
1628410462.820000172 -10.2994 -7.0557 -4.9343 0 0 0 0
1628410462.920000076 -10.2994 -7.0557 -4.9343 0 0 0 0
1628410463.040000200 -10.2994 -7.0558 -4.9344 0 0 0 0
1628410463.140000105 -10.2996 -7.0558 -4.9343 0 0 0 0
1628410463.290000200 -10.2998 -7.0559 -4.9343 0 0 0 0
1628410463.410000086 -10.3000 -7.0559 -4.9343 0 0 0 0
1628410463.580000162 -10.3045 -7.0575 -4.9342 0 0 0 0
1628410463.680000067 -10.3090 -7.0588 -4.9343 0 0 0 0
1628410463.820000172 -10.3145 -7.0609 -4.9344 0 0 0 0
1628410463.960000038 -10.3456 -7.0723 -4.9340 0 0 0 0
1628410464.100000143 -10.3694 -7.0802 -4.9344 0 0 0 0
1628410464.250000000 -10.4161 -7.0900 -4.9340 0 0 0 0
1628410464.410000086 -10.4560 -7.0974 -4.9339 0 0 0 0
1628410464.570000172 -10.6623 -7.1520 -4.9335 0 0 0 0
1628410464.710000038 -10.7563 -7.1724 -4.9338 0 0 0 0
1628410464.890000105 -10.8537 -7.1926 -4.9325 0 0 0 0
1628410465.080000162 -11.0237 -7.2157 -4.9327 0 0 0 0
1628410465.180000067 -11.0925 -7.2184 -4.9328 0 0 0 0
1628410465.350000143 -11.1661 -7.2200 -4.9333 0 0 0 0
1628410465.500000000 -11.3456 -7.2227 -4.9329 0 0 0 0
1628410465.660000086 -11.5219 -7.2071 -4.9316 0 0 0 0
1628410465.830000162 -11.6563 -7.1832 -4.9317 0 0 0 0
1628410465.940000057 -11.7577 -7.1632 -4.9310 0 0 0 0
1628410466.090000153 -11.8221 -7.1484 -4.9315 0 0 0 0
1628410466.230000019 -11.9735 -7.1038 -4.9302 0 0 0 0
1628410466.430000067 -12.0338 -7.0856 -4.9306 0 0 0 0
1628410466.580000162 -12.1758 -7.0276 -4.9291 0 0 0 0
1628410466.690000057 -12.2573 -6.9853 -4.9287 0 0 0 0
1628410466.920000076 -12.3607 -6.9241 -4.9275 0 0 0 0
1628410467.100000143 -12.4697 -6.8492 -4.9271 0 0 0 0
1628410467.210000038 -12.5010 -6.8206 -4.9268 0 0 0 0
1628410467.530000210 -12.5272 -6.7938 -4.9263 0 0 0 0
1628410467.770000219 -12.5313 -6.7859 -4.9257 0 0 0 0
1628410467.910000086 -12.5143 -6.7997 -4.9255 0 0 0 0
1628410468.020000219 -12.4926 -6.8210 -4.9254 0 0 0 0
1628410468.140000105 -12.4277 -6.8913 -4.9252 0 0 0 0
1628410468.270000219 -12.3741 -6.9396 -4.9256 0 0 0 0
1628410468.380000114 -12.3347 -6.9746 -4.9257 0 0 0 0
1628410468.540000200 -12.2683 -7.0608 -4.9267 0 0 0 0
1628410468.650000095 -12.2230 -7.1341 -4.9270 0 0 0 0
1628410468.830000162 -12.1653 -7.2321 -4.9275 0 0 0 0
1628410468.950000048 -12.1233 -7.3158 -4.9291 0 0 0 0
1628410469.080000162 -12.0862 -7.3982 -4.9283 0 0 0 0
1628410469.250000000 -12.0518 -7.4901 -4.9290 0 0 0 0
1628410469.370000124 -12.0231 -7.6094 -4.9291 0 0 0 0
1628410469.530000210 -12.0133 -7.6734 -4.9293 0 0 0 0
1628410469.640000105 -11.9968 -7.7698 -4.9296 0 0 0 0
1628410469.800000191 -11.9873 -7.9080 -4.9310 0 0 0 0
1628410469.940000057 -11.9899 -7.9754 -4.9311 0 0 0 0
1628410470.140000105 -12.0071 -8.1531 -4.9322 0 0 0 0
1628410470.250000000 -12.0193 -8.2241 -4.9322 0 0 0 0
1628410470.410000086 -12.0751 -8.4023 -4.9323 0 0 0 0
1628410470.570000172 -12.1228 -8.5055 -4.9321 0 0 0 0
1628410470.740000010 -12.1866 -8.6417 -4.9328 0 0 0 0
1628410470.860000134 -12.2712 -8.7726 -4.9317 0 0 0 0
1628410470.980000019 -12.3547 -8.8579 -4.9316 0 0 0 0
1628410471.150000095 -12.5028 -9.0010 -4.9316 0 0 0 0
1628410471.270000219 -12.5698 -9.0571 -4.9314 0 0 0 0
1628410471.370000124 -12.6440 -9.1059 -4.9312 0 0 0 0
1628410471.480000019 -12.7658 -9.1648 -4.9313 0 0 0 0
1628410471.640000105 -12.9714 -9.2520 -4.9311 0 0 0 0
1628410471.830000162 -13.1458 -9.2938 -4.9310 0 0 0 0
1628410471.960000038 -13.2407 -9.3047 -4.9306 0 0 0 0
1628410472.100000143 -13.3757 -9.3070 -4.9301 0 0 0 0
1628410472.230000019 -13.5549 -9.2941 -4.9294 0 0 0 0
1628410472.360000134 -13.6958 -9.2838 -4.9285 0 0 0 0
1628410472.680000067 -13.8463 -9.2611 -4.9298 0 0 0 0
1628410472.970000029 -14.2738 -9.2417 -4.9244 0 0 0 0
1628410473.140000105 -14.5132 -9.2571 -4.9226 0 0 0 0
1628410473.259999990 -14.6137 -9.2774 -4.9228 0 0 0 0
1628410473.400000095 -14.7955 -9.3258 -4.9223 0 0 0 0
1628410473.550000191 -15.0047 -9.4102 -4.9214 0 0 0 0
1628410473.660000086 -15.0851 -9.4564 -4.9214 0 0 0 0
1628410473.840000153 -15.2600 -9.5712 -4.9197 0 0 0 0
1628410473.950000048 -15.3282 -9.6233 -4.9204 0 0 0 0
1628410474.060000181 -15.4229 -9.7122 -4.9207 0 0 0 0
1628410474.180000067 -15.4791 -9.7751 -4.9218 0 0 0 0
1628410474.280000210 -15.5335 -9.8441 -4.9209 0 0 0 0
1628410474.470000029 -15.6562 -10.0132 -4.9224 0 0 0 0
1628410474.610000134 -15.6999 -10.0844 -4.9217 0 0 0 0
1628410474.730000019 -15.7554 -10.1913 -4.9221 0 0 0 0
1628410474.840000153 -15.7981 -10.3112 -4.9222 0 0 0 0
1628410475.000000000 -15.8465 -10.4791 -4.9223 0 0 0 0
1628410475.130000114 -15.8691 -10.5658 -4.9224 0 0 0 0
1628410475.259999990 -15.8902 -10.7882 -4.9224 0 0 0 0
1628410475.440000057 -15.8824 -11.0177 -4.9219 0 0 0 0
1628410475.630000114 -15.8528 -11.1966 -4.9217 0 0 0 0
1628410475.740000010 -15.8095 -11.3367 -4.9218 0 0 0 0
1628410475.890000105 -15.7775 -11.4238 -4.9218 0 0 0 0
1628410476.040000200 -15.6696 -11.6438 -4.9220 0 0 0 0
1628410476.150000095 -15.6197 -11.7221 -4.9229 0 0 0 0
1628410476.280000210 -15.5632 -11.7976 -4.9229 0 0 0 0
1628410476.430000067 -15.4661 -11.9051 -4.9244 0 0 0 0
1628410476.590000153 -15.3979 -11.9736 -4.9241 0 0 0 0
1628410476.740000010 -15.2091 -12.1303 -4.9239 0 0 0 0
1628410476.870000124 -15.1238 -12.1815 -4.9244 0 0 0 0
1628410477.060000181 -14.8117 -12.3467 -4.9245 0 0 0 0
1628410477.160000086 -14.7171 -12.3896 -4.9247 0 0 0 0
1628410477.310000181 -14.5752 -12.4608 -4.9261 0 0 0 0
1628410477.430000067 -14.3979 -12.5728 -4.9257 0 0 0 0
1628410477.550000191 -14.2646 -12.6667 -4.9260 0 0 0 0
1628410477.670000076 -14.1418 -12.7664 -4.9263 0 0 0 0
1628410478.210000038 -13.7447 -13.1774 -4.9264 0 0 0 0
1628410478.350000143 -13.6115 -13.3054 -4.9262 0 0 0 0
1628410478.470000029 -13.5128 -13.3767 -4.9275 0 0 0 0
1628410478.600000143 -13.4372 -13.4259 -4.9283 0 0 0 0
1628410478.710000038 -13.3999 -13.4479 -4.9286 0 0 0 0
1628410478.830000162 -13.3641 -13.4616 -4.9301 0 0 0 0
1628410478.960000038 -13.3721 -13.4524 -4.9302 0 0 0 0
1628410479.090000153 -13.4076 -13.4319 -4.9294 0 0 0 0
1628410479.270000219 -13.4736 -13.4028 -4.9296 0 0 0 0
1628410479.450000048 -13.6022 -13.3297 -4.9289 0 0 0 0
1628410479.550000191 -13.6600 -13.2938 -4.9290 0 0 0 0
1628410479.670000076 -13.7546 -13.2285 -4.9283 0 0 0 0
1628410479.830000162 -13.8812 -13.1293 -4.9283 0 0 0 0
1628410479.940000057 -13.9715 -13.0310 -4.9270 0 0 0 0
1628410480.080000162 -14.0252 -12.9599 -4.9272 0 0 0 0
1628410480.250000000 -14.1477 -12.7651 -4.9278 0 0 0 0
1628410480.410000086 -14.1874 -12.6799 -4.9273 0 0 0 0
1628410480.530000210 -14.2191 -12.5930 -4.9273 0 0 0 0
1628410480.650000095 -14.2704 -12.3671 -4.9291 0 0 0 0
1628410480.840000153 -14.2877 -12.1286 -4.9299 0 0 0 0
1628410481.009999990 -14.2792 -11.9888 -4.9294 0 0 0 0
1628410481.180000067 -14.2382 -11.8137 -4.9295 0 0 0 0
1628410481.320000172 -14.2115 -11.7323 -4.9301 0 0 0 0
1628410481.490000010 -14.1350 -11.5316 -4.9306 0 0 0 0
1628410481.650000095 -14.0459 -11.3946 -4.9301 0 0 0 0
1628410481.759999990 -13.9699 -11.2937 -4.9305 0 0 0 0
1628410481.940000057 -13.8602 -11.1704 -4.9296 0 0 0 0
1628410482.070000172 -13.7624 -11.0913 -4.9285 0 0 0 0
1628410482.180000067 -13.6986 -11.0483 -4.9284 0 0 0 0
1628410482.370000124 -13.6298 -11.0041 -4.9280 0 0 0 0
1628410482.480000019 -13.4489 -10.9142 -4.9279 0 0 0 0
1628410482.660000086 -13.2614 -10.8598 -4.9273 0 0 0 0
1628410482.850000143 -13.1002 -10.8570 -4.9271 0 0 0 0
1628410483.030000210 -13.0034 -10.8630 -4.9249 0 0 0 0
1628410483.290000200 -12.9808 -10.8664 -4.9252 0 0 0 0
1628410483.490000010 -13.0153 -10.8660 -4.9259 0 0 0 0
1628410483.660000086 -13.0398 -10.8660 -4.9256 0 0 0 0
1628410483.780000210 -13.1332 -10.8711 -4.9262 0 0 0 0
1628410483.940000057 -13.2008 -10.8705 -4.9257 0 0 0 0
1628410484.090000153 -13.3043 -10.8592 -4.9256 0 0 0 0
1628410484.270000219 -13.4817 -10.8356 -4.9255 0 0 0 0
1628410484.420000076 -13.5479 -10.8231 -4.9262 0 0 0 0
1628410484.650000095 -13.6785 -10.7765 -4.9264 0 0 0 0
1628410484.759999990 -13.7388 -10.7480 -4.9263 0 0 0 0
1628410484.860000134 -13.9246 -10.6536 -4.9270 0 0 0 0
1628410485.060000181 -14.0395 -10.5726 -4.9270 0 0 0 0
1628410485.170000076 -14.0913 -10.5256 -4.9280 0 0 0 0
1628410485.280000210 -14.1680 -10.4492 -4.9284 0 0 0 0
1628410485.380000114 -14.2165 -10.3984 -4.9279 0 0 0 0
1628410485.540000200 -14.2655 -10.3440 -4.9278 0 0 0 0
1628410485.650000095 -14.3621 -10.1951 -4.9267 0 0 0 0
1628410485.770000219 -14.4147 -10.0981 -4.9261 0 0 0 0
1628410485.940000057 -14.4749 -9.9625 -4.9269 0 0 0 0
1628410486.080000162 -14.5023 -9.8605 -4.9250 0 0 0 0
1628410486.240000010 -14.5312 -9.7123 -4.9267 0 0 0 0
1628410486.380000114 -14.5482 -9.6073 -4.9243 0 0 0 0
1628410486.490000010 -14.5564 -9.5268 -4.9251 0 0 0 0
1628410486.660000086 -14.5384 -9.3288 -4.9247 0 0 0 0
1628410486.850000143 -14.4992 -9.1216 -4.9244 0 0 0 0
1628410486.960000038 -14.4753 -9.0445 -4.9233 0 0 0 0
1628410487.070000172 -14.4454 -8.9657 -4.9231 0 0 0 0
1628410487.180000067 -14.4078 -8.8838 -4.9237 0 0 0 0
1628410487.350000143 -14.3435 -8.7716 -4.9231 0 0 0 0
1628410487.460000038 -14.2345 -8.6258 -4.9233 0 0 0 0
1628410487.680000067 -14.0787 -8.4616 -4.9238 0 0 0 0
1628410487.910000086 -13.8960 -8.3318 -4.9255 0 0 0 0
1628410488.070000172 -13.7240 -8.2421 -4.9271 0 0 0 0
1628410488.240000010 -13.5046 -8.1637 -4.9284 0 0 0 0
1628410488.400000095 -13.4092 -8.1458 -4.9283 0 0 0 0
1628410488.770000219 -13.0818 -8.0754 -4.9298 0 0 0 0
1628410488.900000095 -12.9551 -8.0443 -4.9311 0 0 0 0
1628410489.000000000 -12.7769 -7.9883 -4.9326 0 0 0 0
1628410489.120000124 -12.7211 -7.9686 -4.9341 0 0 0 0
1628410489.259999990 -12.6629 -7.9400 -4.9365 0 0 0 0
1628410489.430000067 -12.6975 -7.9530 -4.9365 0 0 0 0
1628410489.550000191 -12.7364 -7.9738 -4.9349 0 0 0 0
1628410489.690000057 -12.7970 -8.0078 -4.9351 0 0 0 0
1628410489.820000172 -12.8799 -8.0515 -4.9344 0 0 0 0
1628410489.930000067 -12.9067 -8.0650 -4.9341 0 0 0 0
1628410490.070000172 -13.0821 -8.1403 -4.9326 0 0 0 0
1628410490.240000010 -13.2466 -8.1947 -4.9329 0 0 0 0
1628410490.440000057 -13.3375 -8.2119 -4.9321 0 0 0 0
1628410490.570000172 -13.5769 -8.2290 -4.9304 0 0 0 0
1628410490.690000057 -13.6744 -8.2277 -4.9302 0 0 0 0
1628410490.850000143 -13.9187 -8.1821 -4.9273 0 0 0 0
1628410490.950000048 -14.0086 -8.1437 -4.9258 0 0 0 0
1628410491.090000153 -14.1242 -8.0823 -4.9233 0 0 0 0
1628410491.240000010 -14.2568 -7.9996 -4.9201 0 0 0 0
1628410491.360000134 -14.3186 -7.9617 -4.9189 0 0 0 0
1628410491.490000010 -14.3375 -7.9529 -4.9176 0 0 0 0
1628410491.660000086 -14.2980 -7.9769 -4.9193 0 0 0 0
1628410491.770000219 -14.2712 -7.9899 -4.9201 0 0 0 0
1628410491.920000076 -14.2403 -8.0063 -4.9195 0 0 0 0
1628410492.100000143 -14.1235 -8.0718 -4.9204 0 0 0 0
1628410492.259999990 -13.9848 -8.1585 -4.9217 0 0 0 0
1628410492.410000086 -13.9275 -8.1986 -4.9226 0 0 0 0
1628410492.540000200 -13.8658 -8.2462 -4.9233 0 0 0 0
1628410492.690000057 -13.7260 -8.3844 -4.9244 0 0 0 0
1628410492.860000134 -13.5939 -8.5463 -4.9255 0 0 0 0
1628410492.970000029 -13.5468 -8.6168 -4.9256 0 0 0 0
1628410493.130000114 -13.5059 -8.6885 -4.9262 0 0 0 0
1628410493.310000181 -13.3975 -8.9297 -4.9287 0 0 0 0
1628410493.430000067 -13.3527 -9.0932 -4.9286 0 0 0 0
1628410493.900000095 -13.3184 -9.2555 -4.9298 0 0 0 0
1628410494.060000181 -13.3212 -9.6635 -4.9315 0 0 0 0
1628410494.220000029 -13.3278 -9.7389 -4.9314 0 0 0 0
1628410494.430000067 -13.3714 -9.9265 -4.9316 0 0 0 0
1628410494.550000191 -13.3972 -9.9937 -4.9313 0 0 0 0
1628410494.740000010 -13.4212 -10.0611 -4.9305 0 0 0 0
1628410494.990000010 -13.4937 -10.2276 -4.9309 0 0 0 0
1628410495.090000153 -13.6335 -10.4356 -4.9304 0 0 0 0
1628410495.290000200 -13.7684 -10.6059 -4.9305 0 0 0 0
1628410495.400000095 -13.8166 -10.6496 -4.9289 0 0 0 0
1628410495.509999990 -13.8725 -10.6965 -4.9282 0 0 0 0
1628410495.650000095 -13.9828 -10.7893 -4.9287 0 0 0 0
1628410495.759999990 -14.0683 -10.8517 -4.9288 0 0 0 0
1628410495.880000114 -14.1333 -10.8918 -4.9291 0 0 0 0
1628410496.000000000 -14.1995 -10.9234 -4.9285 0 0 0 0
1628410496.130000114 -14.3031 -10.9688 -4.9286 0 0 0 0
1628410496.250000000 -14.4739 -11.0397 -4.9281 0 0 0 0
1628410496.420000076 -14.5448 -11.0572 -4.9272 0 0 0 0
1628410496.560000181 -14.6824 -11.0834 -4.9269 0 0 0 0
1628410496.960000038 -15.0397 -11.0999 -4.9251 0 0 0 0
1628410497.130000114 -15.1085 -11.0905 -4.9247 0 0 0 0
1628410497.300000191 -15.2535 -11.0744 -4.9245 0 0 0 0
1628410497.400000095 -15.3623 -11.0555 -4.9244 0 0 0 0
1628410497.520000219 -15.4322 -11.0397 -4.9230 0 0 0 0
1628410497.630000114 -15.5433 -11.0150 -4.9227 0 0 0 0
1628410497.850000143 -15.6934 -10.9944 -4.9221 0 0 0 0
1628410497.980000019 -15.8800 -10.9804 -4.9212 0 0 0 0
1628410498.250000000 -16.0677 -10.9809 -4.9208 0 0 0 0
1628410498.450000048 -16.2205 -10.9941 -4.9207 0 0 0 0
1628410498.590000153 -16.4067 -11.0238 -4.9203 0 0 0 0
1628410498.730000019 -16.4764 -11.0371 -4.9197 0 0 0 0
1628410498.860000134 -16.5790 -11.0615 -4.9200 0 0 0 0
1628410499.030000210 -16.7041 -11.1063 -4.9197 0 0 0 0
1628410499.130000114 -16.7882 -11.1452 -4.9194 0 0 0 0
1628410499.259999990 -16.8962 -11.1984 -4.9195 0 0 0 0
1628410499.360000134 -16.9461 -11.2260 -4.9191 0 0 0 0
1628410499.540000200 -17.0596 -11.3044 -4.9193 0 0 0 0
1628410499.660000086 -17.1185 -11.3571 -4.9188 0 0 0 0
1628410499.800000191 -17.1815 -11.4084 -4.9188 0 0 0 0
1628410499.940000057 -17.2463 -11.4623 -4.9191 0 0 0 0
1628410500.100000143 -17.3183 -11.5414 -4.9187 0 0 0 0
1628410500.210000038 -17.3520 -11.5826 -4.9184 0 0 0 0
1628410500.400000095 -17.4160 -11.6719 -4.9184 0 0 0 0
1628410500.500000000 -17.4640 -11.7425 -4.9180 0 0 0 0
1628410500.640000105 -17.5095 -11.8156 -4.9183 0 0 0 0
1628410500.790000200 -17.5662 -11.9232 -4.9176 0 0 0 0
1628410500.940000057 -17.5980 -12.0008 -4.9173 0 0 0 0
1628410501.120000124 -17.6501 -12.1467 -4.9168 0 0 0 0
1628410501.250000000 -17.6652 -12.2093 -4.9170 0 0 0 0
1628410501.490000010 -17.6933 -12.3347 -4.9166 0 0 0 0
1628410501.630000114 -17.7071 -12.4984 -4.9159 0 0 0 0
1628410501.830000162 -17.7162 -12.6278 -4.9150 0 0 0 0
1628410501.950000048 -17.7017 -12.8015 -4.9144 0 0 0 0
1628410502.110000134 -17.6887 -12.8701 -4.9152 0 0 0 0
1628410502.290000200 -17.6518 -13.0477 -4.9154 0 0 0 0
1628410502.420000076 -17.6334 -13.1148 -4.9138 0 0 0 0
1628410502.640000105 -17.5380 -13.3222 -4.9148 0 0 0 0
1628410502.759999990 -17.4648 -13.4519 -4.9152 0 0 0 0
1628410502.960000038 -17.3809 -13.5780 -4.9142 0 0 0 0
1628410503.070000172 -17.3023 -13.6654 -4.9154 0 0 0 0
1628410503.180000067 -17.2434 -13.7205 -4.9155 0 0 0 0
1628410503.350000143 -17.0975 -13.8427 -4.9160 0 0 0 0
1628410503.500000000 -17.0327 -13.8904 -4.9167 0 0 0 0
1628410503.690000057 -16.8680 -13.9873 -4.9172 0 0 0 0
1628410503.850000143 -16.6860 -14.0562 -4.9184 0 0 0 0
1628410503.950000048 -16.6117 -14.0813 -4.9188 0 0 0 0
1628410504.380000114 -16.2252 -14.2014 -4.9197 0 0 0 0
1628410504.500000000 -16.1443 -14.2301 -4.9204 0 0 0 0
1628410504.660000086 -15.9542 -14.3214 -4.9213 0 0 0 0
1628410504.840000153 -15.8781 -14.3607 -4.9208 0 0 0 0
1628410505.050000191 -15.6205 -14.5153 -4.9210 0 0 0 0
1628410505.180000067 -15.5219 -14.5912 -4.9210 0 0 0 0
1628410505.310000181 -15.4589 -14.6412 -4.9206 0 0 0 0
1628410505.470000029 -15.3026 -14.7814 -4.9203 0 0 0 0
1628410505.650000095 -15.2225 -14.8721 -4.9200 0 0 0 0
1628410505.759999990 -15.1162 -14.9928 -4.9206 0 0 0 0
1628410505.940000057 -15.0140 -15.1120 -4.9203 0 0 0 0
1628410506.090000153 -14.9655 -15.1709 -4.9199 0 0 0 0
1628410506.230000019 -14.8372 -15.3025 -4.9202 0 0 0 0
1628410506.430000067 -14.7872 -15.3421 -4.9198 0 0 0 0
1628410506.590000153 -14.6728 -15.4200 -4.9208 0 0 0 0
1628410506.740000010 -14.6400 -15.4400 -4.9215 0 0 0 0
1628410506.940000057 -14.6173 -15.4460 -4.9229 0 0 0 0
1628410507.100000143 -14.6515 -15.4282 -4.9216 0 0 0 0
1628410507.240000010 -14.7004 -15.4021 -4.9219 0 0 0 0
1628410507.350000143 -14.7554 -15.3649 -4.9220 0 0 0 0
1628410507.460000038 -14.7947 -15.3401 -4.9219 0 0 0 0
1628410507.640000105 -14.9124 -15.2631 -4.9217 0 0 0 0
1628410507.810000181 -14.9822 -15.2038 -4.9214 0 0 0 0
1628410507.910000086 -15.0287 -15.1589 -4.9210 0 0 0 0
1628410508.030000210 -15.0733 -15.1095 -4.9208 0 0 0 0
1628410508.259999990 -15.1522 -14.9986 -4.9209 0 0 0 0
1628410508.430000067 -15.2316 -14.8478 -4.9207 0 0 0 0
1628410508.600000143 -15.2646 -14.7879 -4.9208 0 0 0 0
1628410508.780000210 -15.3792 -14.5956 -4.9210 0 0 0 0
1628410508.900000095 -15.4284 -14.5182 -4.9214 0 0 0 0
1628410509.009999990 -15.4595 -14.4723 -4.9207 0 0 0 0
1628410509.120000124 -15.4885 -14.4288 -4.9219 0 0 0 0
1628410509.300000191 -15.5845 -14.3083 -4.9214 0 0 0 0
1628410509.840000153 -15.6142 -14.2703 -4.9214 0 0 0 0
1628410509.990000010 -15.8761 -14.0270 -4.9230 0 0 0 0
1628410510.150000095 -15.9205 -13.9913 -4.9239 0 0 0 0
1628410510.250000000 -16.0038 -13.9357 -4.9236 0 0 0 0
1628410510.430000067 -16.1192 -13.8728 -4.9245 0 0 0 0
1628410510.560000181 -16.2913 -13.8066 -4.9227 0 0 0 0
1628410510.670000076 -16.3609 -13.7798 -4.9237 0 0 0 0
1628410510.800000191 -16.4798 -13.7442 -4.9236 0 0 0 0
1628410510.920000076 -16.5577 -13.7262 -4.9230 0 0 0 0
1628410511.100000143 -16.7651 -13.7089 -4.9219 0 0 0 0
1628410511.250000000 -16.9375 -13.7064 -4.9203 0 0 0 0
1628410511.350000143 -17.0239 -13.7124 -4.9207 0 0 0 0
1628410511.480000019 -17.1555 -13.7387 -4.9197 0 0 0 0
1628410511.630000114 -17.2388 -13.7604 -4.9189 0 0 0 0
1628410511.850000143 -17.4208 -13.8428 -4.9171 0 0 0 0
1628410511.990000010 -17.5282 -13.9253 -4.9149 0 0 0 0
1628410512.130000114 -17.5961 -13.9769 -4.9125 0 0 0 0
1628410512.290000200 -17.6411 -13.9989 -4.9108 0 0 0 0
1628410512.430000067 -17.6240 -13.9853 -4.9123 0 0 0 0
1628410512.590000153 -17.5798 -13.9606 -4.9137 0 0 0 0
1628410512.750000000 -17.4907 -13.9061 -4.9126 0 0 0 0
1628410512.880000114 -17.4482 -13.8754 -4.9125 0 0 0 0
1628410513.020000219 -17.3540 -13.7960 -4.9132 0 0 0 0
1628410513.150000095 -17.3287 -13.7727 -4.9136 0 0 0 0
1628410513.259999990 -17.2763 -13.7230 -4.9130 0 0 0 0
1628410513.480000019 -17.1295 -13.5563 -4.9144 0 0 0 0
1628410513.600000143 -17.0443 -13.4221 -4.9154 0 0 0 0
1628410513.710000038 -17.0087 -13.3462 -4.9158 0 0 0 0
1628410513.840000153 -16.9382 -13.1594 -4.9167 0 0 0 0
1628410514.030000210 -16.9070 -13.0444 -4.9163 0 0 0 0
1628410514.200000048 -16.8866 -12.8826 -4.9174 0 0 0 0
1628410514.430000067 -16.8747 -12.6821 -4.9178 0 0 0 0
1628410514.590000153 -16.8600 -12.4827 -4.9180 0 0 0 0
1628410514.930000067 -16.8502 -12.3955 -4.9191 0 0 0 0
1628410515.040000200 -16.8000 -12.1616 -4.9198 0 0 0 0
1628410515.180000067 -16.7259 -11.9887 -4.9200 0 0 0 0
1628410515.280000210 -16.6666 -11.8832 -4.9206 0 0 0 0
1628410515.460000038 -16.5579 -11.7340 -4.9210 0 0 0 0
1628410515.630000114 -16.4574 -11.6283 -4.9219 0 0 0 0
1628410515.740000010 -16.4097 -11.5778 -4.9217 0 0 0 0
1628410515.860000134 -16.3564 -11.5265 -4.9223 0 0 0 0
1628410516.060000181 -16.2133 -11.4287 -4.9231 0 0 0 0
1628410516.240000010 -16.0547 -11.3435 -4.9246 0 0 0 0
1628410516.440000057 -15.9950 -11.3141 -4.9245 0 0 0 0
1628410516.550000191 -15.9289 -11.2883 -4.9250 0 0 0 0
1628410516.670000076 -15.7613 -11.2491 -4.9252 0 0 0 0
1628410516.850000143 -15.5798 -11.2201 -4.9262 0 0 0 0
1628410516.960000038 -15.5038 -11.2157 -4.9268 0 0 0 0
1628410517.080000162 -15.4349 -11.2176 -4.9257 0 0 0 0
1628410517.230000019 -15.2418 -11.2256 -4.9268 0 0 0 0
1628410517.340000153 -15.1647 -11.2265 -4.9270 0 0 0 0
1628410517.500000000 -15.0408 -11.2275 -4.9274 0 0 0 0
1628410517.650000095 -14.8823 -11.2233 -4.9270 0 0 0 0
1628410517.840000153 -14.6755 -11.1864 -4.9279 0 0 0 0
1628410517.970000029 -14.5547 -11.1528 -4.9281 0 0 0 0
1628410518.120000124 -14.4758 -11.1247 -4.9280 0 0 0 0
1628410518.280000210 -14.3310 -11.0597 -4.9285 0 0 0 0
1628410518.410000086 -14.2233 -11.0026 -4.9290 0 0 0 0
1628410518.560000181 -14.1232 -10.9406 -4.9283 0 0 0 0
1628410518.680000067 -14.0024 -10.8424 -4.9268 0 0 0 0
1628410518.850000143 -13.8925 -10.7377 -4.9263 0 0 0 0
1628410518.960000038 -13.8170 -10.6490 -4.9261 0 0 0 0
1628410519.150000095 -13.7261 -10.5205 -4.9261 0 0 0 0
1628410519.350000143 -13.6260 -10.3520 -4.9264 0 0 0 0
1628410519.520000219 -13.5935 -10.2790 -4.9274 0 0 0 0
1628410519.650000095 -13.5324 -10.0829 -4.9272 0 0 0 0
1628410519.860000134 -13.4865 -9.8781 -4.9274 0 0 0 0
1628410520.070000172 -13.4769 -9.7561 -4.9281 0 0 0 0
1628410520.170000076 -13.4806 -9.5829 -4.9287 0 0 0 0
1628410520.440000057 -13.5002 -9.4081 -4.9296 0 0 0 0
1628410520.630000114 -13.5541 -9.1992 -4.9283 0 0 0 0
1628410520.810000181 -13.6268 -8.9862 -4.9282 0 0 0 0
1628410520.950000048 -13.6540 -8.8928 -4.9279 0 0 0 0
1628410521.100000143 -13.6981 -8.6612 -4.9281 0 0 0 0
1628410521.240000010 -13.7164 -8.4233 -4.9276 0 0 0 0
1628410521.430000067 -13.7047 -8.2825 -4.9280 0 0 0 0
1628410521.530000210 -13.6968 -8.2373 -4.9278 0 0 0 0
1628410521.740000010 -13.6192 -7.9811 -4.9250 0 0 0 0
1628410521.890000105 -13.5454 -7.8194 -4.9259 0 0 0 0
1628410521.990000010 -13.5025 -7.7498 -4.9262 0 0 0 0
1628410522.130000114 -13.4199 -7.6421 -4.9255 0 0 0 0
1628410522.240000010 -13.3364 -7.5471 -4.9254 0 0 0 0
1628410522.420000076 -13.2117 -7.4218 -4.9260 0 0 0 0
1628410522.580000162 -13.1073 -7.3516 -4.9263 0 0 0 0
1628410522.740000010 -12.9433 -7.2616 -4.9274 0 0 0 0
1628410522.840000153 -12.8218 -7.2032 -4.9282 0 0 0 0
1628410523.090000153 -12.5874 -7.1442 -4.9293 0 0 0 0
1628410523.250000000 -12.3912 -7.1243 -4.9314 0 0 0 0
1628410523.390000105 -12.2005 -7.1316 -4.9317 0 0 0 0
1628410523.540000200 -12.0982 -7.1466 -4.9320 0 0 0 0
1628410523.680000067 -11.8524 -7.2195 -4.9324 0 0 0 0
1628410523.910000086 -11.6223 -7.3371 -4.9322 0 0 0 0
1628410524.020000219 -11.5369 -7.3955 -4.9316 0 0 0 0
1628410524.140000105 -11.4578 -7.4613 -4.9316 0 0 0 0
1628410524.259999990 -11.2794 -7.6541 -4.9315 0 0 0 0
1628410524.430000067 -11.2206 -7.7370 -4.9318 0 0 0 0
1628410524.540000200 -11.1400 -7.8749 -4.9320 0 0 0 0
1628410524.750000000 -11.0297 -8.2046 -4.9316 0 0 0 0
1628410524.860000134 -11.0106 -8.3017 -4.9319 0 0 0 0
1628410524.970000029 -10.9959 -8.4551 -4.9329 0 0 0 0
1628410525.400000095 -11.0386 -8.8020 -4.9331 0 0 0 0
1628410525.550000191 -11.0974 -8.9929 -4.9327 0 0 0 0
1628410525.670000076 -11.1967 -9.2292 -4.9327 0 0 0 0
1628410525.810000181 -11.2344 -9.3216 -4.9319 0 0 0 0
1628410525.920000076 -11.2926 -9.4664 -4.9314 0 0 0 0
1628410526.090000153 -11.3751 -9.7079 -4.9306 0 0 0 0
1628410526.259999990 -11.4239 -9.8945 -4.9303 0 0 0 0
1628410526.450000048 -11.4432 -9.9877 -4.9304 0 0 0 0
1628410526.570000172 -11.4650 -10.1266 -4.9304 0 0 0 0
1628410526.710000038 -11.4748 -10.2981 -4.9305 0 0 0 0
1628410526.820000172 -11.4793 -10.4138 -4.9302 0 0 0 0
1628410526.960000038 -11.4709 -10.6015 -4.9298 0 0 0 0
1628410527.130000114 -11.4540 -10.7032 -4.9296 0 0 0 0
1628410527.280000210 -11.4320 -10.8374 -4.9288 0 0 0 0
1628410527.440000057 -11.4046 -10.9656 -4.9277 0 0 0 0
1628410527.630000114 -11.3450 -11.1280 -4.9266 0 0 0 0
1628410527.750000000 -11.3204 -11.1961 -4.9260 0 0 0 0
1628410527.870000124 -11.2881 -11.2980 -4.9260 0 0 0 0
1628410528.040000200 -11.2366 -11.4596 -4.9263 0 0 0 0
1628410528.180000067 -11.2195 -11.5483 -4.9263 0 0 0 0
1628410528.380000114 -11.2165 -11.5985 -4.9263 0 0 0 0
1628410528.560000181 -11.2180 -11.6688 -4.9272 0 0 0 0
1628410528.660000086 -11.2178 -11.6828 -4.9272 0 0 0 0
1628410528.790000200 -11.2177 -11.6624 -4.9269 0 0 0 0
1628410528.950000048 -11.2234 -11.6051 -4.9268 0 0 0 0
1628410529.060000181 -11.2245 -11.5703 -4.9267 0 0 0 0
1628410529.250000000 -11.2292 -11.4631 -4.9278 0 0 0 0
1628410529.440000057 -11.2390 -11.3200 -4.9281 0 0 0 0
1628410529.550000191 -11.2525 -11.2586 -4.9284 0 0 0 0
1628410529.770000219 -11.3034 -11.0975 -4.9284 0 0 0 0
1628410529.910000086 -11.3270 -11.0343 -4.9291 0 0 0 0
1628410530.030000210 -11.3895 -10.9031 -4.9287 0 0 0 0
1628410530.140000105 -11.4456 -10.8041 -4.9301 0 0 0 0
1628410530.240000010 -11.4885 -10.7384 -4.9302 0 0 0 0
1628410530.460000038 -11.5375 -10.6756 -4.9300 0 0 0 0
1628410530.560000181 -11.6172 -10.5892 -4.9301 0 0 0 0
1628410530.710000038 -11.7644 -10.4515 -4.9313 0 0 0 0
1628410530.830000162 -11.8279 -10.4001 -4.9316 0 0 0 0
1628410530.940000057 -11.8941 -10.3567 -4.9321 0 0 0 0
1628410531.070000172 -11.9687 -10.3174 -4.9321 0 0 0 0
1628410531.310000181 -12.2735 -10.1909 -4.9331 0 0 0 0
1628410531.450000048 -12.4373 -10.1605 -4.9341 0 0 0 0
1628410531.670000076 -12.5651 -10.1502 -4.9344 0 0 0 0
1628410531.790000200 -12.6978 -10.1459 -4.9339 0 0 0 0
1628410531.950000048 -12.8695 -10.1659 -4.9337 0 0 0 0
1628410532.090000153 -13.0374 -10.2029 -4.9330 0 0 0 0
1628410532.250000000 -13.2420 -10.2864 -4.9317 0 0 0 0
1628410532.440000057 -13.3193 -10.3265 -4.9314 0 0 0 0
1628410532.580000162 -13.4388 -10.3972 -4.9296 0 0 0 0
1628410532.690000057 -13.6121 -10.5432 -4.9296 0 0 0 0
1628410532.820000172 -13.6759 -10.6113 -4.9290 0 0 0 0
1628410532.950000048 -13.7677 -10.7143 -4.9295 0 0 0 0
1628410533.060000181 -13.8704 -10.8729 -4.9280 0 0 0 0
1628410533.170000076 -13.9248 -10.9921 -4.9288 0 0 0 0
1628410533.280000210 -13.9611 -11.0794 -4.9291 0 0 0 0
1628410533.390000105 -13.9907 -11.1613 -4.9301 0 0 0 0
1628410533.520000219 -14.0164 -11.2480 -4.9308 0 0 0 0
1628410533.690000057 -14.0461 -11.4782 -4.9323 0 0 0 0
1628410533.910000086 -14.0161 -11.7561 -4.9311 0 0 0 0
1628410534.020000219 -13.9805 -11.8827 -4.9302 0 0 0 0
1628410534.120000124 -13.9624 -11.9264 -4.9296 0 0 0 0
1628410534.230000019 -13.9127 -12.0314 -4.9282 0 0 0 0
1628410534.400000095 -13.8527 -12.1444 -4.9231 0 0 0 0
1628410534.540000200 -13.8345 -12.1895 -4.9217 0 0 0 0
1628410534.670000076 -13.8446 -12.1655 -4.9238 0 0 0 0
1628410534.870000124 -13.8735 -12.1039 -4.9250 0 0 0 0
1628410535.050000191 -13.9192 -11.9852 -4.9249 0 0 0 0
1628410535.160000086 -13.9437 -11.9270 -4.9251 0 0 0 0
1628410535.490000010 -14.0496 -11.7244 -4.9265 0 0 0 0
1628410535.650000095 -14.1396 -11.5895 -4.9263 0 0 0 0
1628410535.770000219 -14.1988 -11.5221 -4.9268 0 0 0 0
1628410535.910000086 -14.3640 -11.3676 -4.9272 0 0 0 0
1628410536.020000219 -14.4363 -11.3118 -4.9259 0 0 0 0
1628410536.130000114 -14.5143 -11.2604 -4.9262 0 0 0 0
1628410536.250000000 -14.7258 -11.1575 -4.9254 0 0 0 0
1628410536.390000105 -14.8648 -11.1093 -4.9246 0 0 0 0
1628410536.610000134 -15.0926 -11.0622 -4.9237 0 0 0 0
1628410536.710000038 -15.1386 -11.0585 -4.9234 0 0 0 0
1628410536.900000095 -15.3726 -11.0635 -4.9228 0 0 0 0
1628410537.050000191 -15.5911 -11.0931 -4.9218 0 0 0 0
1628410537.160000086 -15.7132 -11.1294 -4.9218 0 0 0 0
1628410537.350000143 -15.7950 -11.1628 -4.9216 0 0 0 0
1628410537.540000200 -15.9737 -11.2517 -4.9222 0 0 0 0
1628410537.650000095 -16.0429 -11.2914 -4.9217 0 0 0 0
1628410537.780000210 -16.1081 -11.3360 -4.9224 0 0 0 0
1628410537.990000010 -16.3024 -11.5080 -4.9222 0 0 0 0
1628410538.170000076 -16.4014 -11.6220 -4.9230 0 0 0 0
1628410538.370000124 -16.4660 -11.7102 -4.9225 0 0 0 0
1628410538.540000200 -16.5878 -11.9453 -4.9223 0 0 0 0
1628410538.690000057 -16.6170 -12.0172 -4.9222 0 0 0 0
1628410538.840000153 -16.6438 -12.0889 -4.9220 0 0 0 0
1628410538.970000029 -16.6899 -12.2739 -4.9207 0 0 0 0
1628410539.140000105 -16.7051 -12.4789 -4.9204 0 0 0 0
1628410539.250000000 -16.7077 -12.5643 -4.9203 0 0 0 0
1628410539.440000057 -16.6893 -12.7727 -4.9192 0 0 0 0
1628410539.550000191 -16.6685 -12.8612 -4.9190 0 0 0 0
1628410539.720000029 -16.6292 -12.9943 -4.9189 0 0 0 0
1628410539.840000153 -16.5610 -13.1656 -4.9181 0 0 0 0
1628410539.950000048 -16.4982 -13.2857 -4.9180 0 0 0 0
1628410540.060000181 -16.4481 -13.3644 -4.9188 0 0 0 0
1628410540.170000076 -16.3534 -13.4846 -4.9189 0 0 0 0
1628410540.270000219 -16.2886 -13.5522 -4.9190 0 0 0 0
1628410540.390000105 -16.2182 -13.6212 -4.9192 0 0 0 0
1628410540.520000219 -16.1463 -13.6867 -4.9189 0 0 0 0
1628410540.640000105 -16.0230 -13.7749 -4.9195 0 0 0 0
1628410540.860000134 -15.8483 -13.8657 -4.9206 0 0 0 0
1628410541.000000000 -15.6089 -13.9541 -4.9212 0 0 0 0
1628410541.110000134 -15.5060 -13.9773 -4.9216 0 0 0 0
1628410541.240000010 -15.2445 -13.9996 -4.9230 0 0 0 0
1628410541.370000124 -15.1388 -13.9986 -4.9234 0 0 0 0
1628410541.480000019 -14.9867 -13.9834 -4.9242 0 0 0 0
1628410541.630000114 -14.8882 -13.9611 -4.9237 0 0 0 0
1628410541.800000191 -14.6397 -13.8786 -4.9242 0 0 0 0
1628410541.960000038 -14.4594 -13.7851 -4.9241 0 0 0 0
1628410542.150000095 -14.3271 -13.6949 -4.9242 0 0 0 0
1628410542.250000000 -14.2405 -13.6364 -4.9235 0 0 0 0
1628410542.380000114 -14.1524 -13.5790 -4.9241 0 0 0 0
1628410542.550000191 -13.9265 -13.4228 -4.9266 0 0 0 0
1628410542.750000000 -13.7267 -13.3157 -4.9275 0 0 0 0
1628410542.870000124 -13.4186 -13.2137 -4.9278 0 0 0 0
1628410542.990000010 -13.3112 -13.1945 -4.9281 0 0 0 0
1628410543.130000114 -13.2063 -13.1803 -4.9273 0 0 0 0
1628410543.240000010 -13.1029 -13.1653 -4.9279 0 0 0 0
1628410543.450000048 -12.8438 -13.1291 -4.9271 0 0 0 0
1628410543.570000172 -12.6945 -13.0979 -4.9250 0 0 0 0
1628410543.740000010 -12.3800 -12.9666 -4.9227 0 0 0 0
1628410543.870000124 -12.2956 -12.9164 -4.9237 0 0 0 0
1628410544.060000181 -12.0914 -12.7654 -4.9246 0 0 0 0
1628410544.250000000 -11.9630 -12.6358 -4.9214 0 0 0 0
1628410544.460000038 -11.8716 -12.5245 -4.9215 0 0 0 0
1628410544.600000143 -11.8179 -12.4512 -4.9220 0 0 0 0
1628410544.840000153 -11.6624 -12.1526 -4.9207 0 0 0 0
1628410544.950000048 -11.6264 -12.0554 -4.9212 0 0 0 0
1628410545.110000134 -11.5741 -11.8229 -4.9222 0 0 0 0
1628410545.240000010 -11.5395 -11.5713 -4.9237 0 0 0 0
1628410545.400000095 -11.5419 -11.4737 -4.9239 0 0 0 0
1628410545.620000124 -11.5569 -11.3203 -4.9251 0 0 0 0
1628410545.740000010 -11.5683 -11.1662 -4.9263 0 0 0 0
1628410545.850000143 -11.5881 -10.8304 -4.9280 0 0 0 0
1628410545.950000048 -11.5899 -10.7198 -4.9284 0 0 0 0
1628410546.210000038 -11.5534 -10.3879 -4.9295 0 0 0 0
1628410546.410000086 -11.4826 -10.1747 -4.9294 0 0 0 0
1628410546.550000191 -11.4379 -10.0738 -4.9290 0 0 0 0
1628410546.660000086 -11.3909 -9.9786 -4.9297 0 0 0 0
1628410546.780000210 -11.2999 -9.8378 -4.9289 0 0 0 0
1628410546.960000038 -11.0536 -9.5561 -4.9294 0 0 0 0
1628410547.070000172 -10.9691 -9.4848 -4.9299 0 0 0 0
1628410547.210000038 -10.8410 -9.3937 -4.9310 0 0 0 0
1628410547.370000124 -10.6092 -9.2690 -4.9310 0 0 0 0
1628410547.540000200 -10.5161 -9.2278 -4.9308 0 0 0 0
1628410547.720000029 -10.3122 -9.1556 -4.9310 0 0 0 0
1628410547.830000162 -10.1621 -9.1138 -4.9302 0 0 0 0
1628410547.970000029 -9.9527 -9.0597 -4.9295 0 0 0 0
1628410548.120000124 -9.8048 -9.0219 -4.9293 0 0 0 0
1628410548.290000200 -9.6056 -8.9530 -4.9282 0 0 0 0
1628410548.410000086 -9.4596 -8.8852 -4.9274 0 0 0 0
1628410548.530000210 -9.3312 -8.8147 -4.9275 0 0 0 0
1628410548.700000048 -9.1866 -8.7105 -4.9288 0 0 0 0
1628410548.810000181 -9.1067 -8.6349 -4.9303 0 0 0 0
1628410548.950000048 -9.0894 -8.6159 -4.9306 0 0 0 0
1628410549.120000124 -9.0353 -8.5505 -4.9318 0 0 0 0
1628410549.259999990 -9.0537 -8.5604 -4.9319 0 0 0 0
1628410549.390000105 -9.0745 -8.5856 -4.9308 0 0 0 0
1628410549.540000200 -9.0929 -8.6066 -4.9314 0 0 0 0
1628410549.700000048 -9.1655 -8.6755 -4.9302 0 0 0 0
1628410549.860000134 -9.2310 -8.7481 -4.9306 0 0 0 0
1628410549.960000038 -9.2947 -8.8081 -4.9297 0 0 0 0
1628410550.110000134 -9.3408 -8.8482 -4.9306 0 0 0 0
1628410550.330000162 -9.4914 -8.9504 -4.9300 0 0 0 0
1628410550.450000048 -9.5468 -8.9787 -4.9305 0 0 0 0
1628410550.600000143 -9.6634 -9.0316 -4.9297 0 0 0 0
1628410550.740000010 -9.7237 -9.0580 -4.9299 0 0 0 0
1628410550.980000019 -9.9424 -9.1227 -4.9298 0 0 0 0
1628410551.130000114 -10.0048 -9.1328 -4.9300 0 0 0 0
1628410551.300000191 -10.1691 -9.1489 -4.9302 0 0 0 0
1628410551.500000000 -10.3322 -9.1475 -4.9302 0 0 0 0
1628410551.680000067 -10.4990 -9.1249 -4.9298 0 0 0 0
1628410551.860000134 -10.6336 -9.0951 -4.9302 0 0 0 0
1628410552.050000191 -10.8344 -9.0196 -4.9303 0 0 0 0
1628410552.160000086 -10.9026 -8.9875 -4.9304 0 0 0 0
1628410552.350000143 -11.0084 -8.9317 -4.9306 0 0 0 0
1628410552.509999990 -11.1512 -8.8299 -4.9312 0 0 0 0
1628410552.630000114 -11.2836 -8.7083 -4.9318 0 0 0 0
1628410552.730000019 -11.3452 -8.6462 -4.9318 0 0 0 0
1628410552.870000124 -11.4332 -8.5386 -4.9314 0 0 0 0
1628410553.000000000 -11.4844 -8.4631 -4.9313 0 0 0 0
1628410553.140000105 -11.5319 -8.3802 -4.9318 0 0 0 0
1628410553.259999990 -11.5930 -8.2474 -4.9323 0 0 0 0
1628410553.410000086 -11.6690 -8.0175 -4.9331 0 0 0 0
1628410553.560000181 -11.7007 -7.8157 -4.9328 0 0 0 0
1628410553.700000048 -11.7039 -7.7109 -4.9321 0 0 0 0
1628410553.850000143 -11.6903 -7.4591 -4.9314 0 0 0 0
1628410553.970000029 -11.6720 -7.3609 -4.9320 0 0 0 0
1628410554.100000143 -11.6264 -7.2122 -4.9322 0 0 0 0
1628410554.290000200 -11.5336 -6.9801 -4.9315 0 0 0 0
1628410554.400000095 -11.4820 -6.8917 -4.9299 0 0 0 0
1628410554.509999990 -11.4317 -6.8154 -4.9309 0 0 0 0
1628410554.630000114 -11.2677 -6.6260 -4.9297 0 0 0 0
1628410554.730000019 -11.1949 -6.5610 -4.9299 0 0 0 0
1628410554.870000124 -11.0763 -6.4696 -4.9296 0 0 0 0
1628410555.050000191 -10.9101 -6.3734 -4.9281 0 0 0 0
1628410555.170000076 -10.7809 -6.3277 -4.9276 0 0 0 0
1628410555.330000162 -10.6969 -6.3066 -4.9280 0 0 0 0
1628410555.490000010 -10.5111 -6.2800 -4.9251 0 0 0 0
1628410555.640000105 -10.4628 -6.2725 -4.9245 0 0 0 0
1628410555.770000219 -10.4533 -6.2690 -4.9256 0 0 0 0
1628410556.220000029 -10.5234 -6.2873 -4.9259 0 0 0 0
1628410556.410000086 -10.7515 -6.3255 -4.9250 0 0 0 0
1628410556.620000124 -10.8871 -6.3420 -4.9255 0 0 0 0
1628410556.740000010 -11.0047 -6.3471 -4.9269 0 0 0 0
1628410556.860000134 -11.0846 -6.3445 -4.9273 0 0 0 0
1628410557.009999990 -11.1650 -6.3346 -4.9271 0 0 0 0
1628410557.210000038 -11.4887 -6.2345 -4.9274 0 0 0 0
1628410557.460000038 -11.7187 -6.1231 -4.9276 0 0 0 0
1628410557.590000153 -11.8323 -6.0554 -4.9270 0 0 0 0
1628410557.720000029 -11.9040 -6.0071 -4.9263 0 0 0 0
1628410557.830000162 -12.0749 -5.8841 -4.9260 0 0 0 0
1628410557.950000048 -12.1756 -5.8109 -4.9260 0 0 0 0
1628410558.080000162 -12.2418 -5.7588 -4.9250 0 0 0 0
1628410558.210000038 -12.3343 -5.6814 -4.9241 0 0 0 0
1628410558.350000143 -12.3650 -5.6563 -4.9242 0 0 0 0
1628410558.500000000 -12.5149 -5.5272 -4.9232 0 0 0 0
1628410558.620000124 -12.6012 -5.4445 -4.9227 0 0 0 0
1628410558.790000200 -12.7063 -5.3383 -4.9213 0 0 0 0
1628410558.930000067 -12.7628 -5.2852 -4.9212 0 0 0 0
1628410559.110000134 -12.8968 -5.1495 -4.9201 0 0 0 0
1628410559.230000019 -12.9423 -5.0968 -4.9197 0 0 0 0
1628410559.380000114 -13.0638 -4.9605 -4.9175 0 0 0 0
1628410559.550000191 -13.1134 -4.9089 -4.9173 0 0 0 0
1628410559.670000076 -13.2292 -4.7688 -4.9163 0 0 0 0
1628410559.790000200 -13.2939 -4.6805 -4.9151 0 0 0 0
1628410559.900000095 -13.3402 -4.6233 -4.9147 0 0 0 0
1628410560.130000114 -13.4560 -4.4900 -4.9140 0 0 0 0
1628410560.290000200 -13.5406 -4.3733 -4.9134 0 0 0 0
1628410560.420000076 -13.5788 -4.3184 -4.9120 0 0 0 0
1628410560.590000153 -13.6972 -4.1758 -4.9107 0 0 0 0
1628410560.690000057 -13.7417 -4.1242 -4.9107 0 0 0 0
1628410560.860000134 -13.8523 -3.9811 -4.9087 0 0 0 0
1628410560.970000029 -13.8973 -3.9298 -4.9071 0 0 0 0
1628410561.140000105 -13.9486 -3.8812 -4.9065 0 0 0 0
1628410561.430000067 -14.0331 -3.8158 -4.9057 0 0 0 0
1628410561.570000172 -14.2352 -3.6803 -4.9022 0 0 0 0
1628410561.740000010 -14.4093 -3.5858 -4.9002 0 0 0 0
1628410561.890000105 -14.4879 -3.5465 -4.8996 0 0 0 0
1628410562.040000200 -14.5956 -3.4730 -4.9031 0 0 0 0
1628410562.160000086 -14.6219 -3.4520 -4.9049 0 0 0 0
1628410562.400000095 -14.6069 -3.4597 -4.9049 0 0 0 0
1628410562.550000191 -14.5859 -3.4771 -4.9040 0 0 0 0
1628410562.680000067 -14.5118 -3.5383 -4.9026 0 0 0 0
1628410562.860000134 -14.3923 -3.6280 -4.9038 0 0 0 0
1628410563.040000200 -14.2349 -3.7280 -4.9066 0 0 0 0
1628410563.140000105 -14.1606 -3.7702 -4.9076 0 0 0 0
1628410563.320000172 -14.0834 -3.8074 -4.9076 0 0 0 0
1628410563.470000029 -13.8737 -3.8907 -4.9095 0 0 0 0
1628410563.590000153 -13.7876 -3.9192 -4.9099 0 0 0 0
1628410563.750000000 -13.6493 -3.9575 -4.9102 0 0 0 0
1628410563.900000095 -13.4663 -3.9863 -4.9108 0 0 0 0
1628410564.040000200 -13.2424 -4.0058 -4.9118 0 0 0 0
1628410564.140000105 -13.1549 -4.0076 -4.9130 0 0 0 0
1628410564.350000143 -13.0220 -3.9956 -4.9134 0 0 0 0
1628410564.470000029 -12.8525 -3.9748 -4.9147 0 0 0 0
1628410564.570000172 -12.7702 -3.9612 -4.9144 0 0 0 0
1628410564.720000029 -12.6579 -3.9333 -4.9146 0 0 0 0
1628410564.890000105 -12.4863 -3.8724 -4.9152 0 0 0 0
1628410564.990000010 -12.4212 -3.8498 -4.9155 0 0 0 0
1628410565.140000105 -12.3307 -3.8156 -4.9162 0 0 0 0
1628410565.250000000 -12.2772 -3.7909 -4.9160 0 0 0 0
1628410565.390000105 -12.2068 -3.7525 -4.9156 0 0 0 0
1628410565.490000010 -12.1229 -3.7083 -4.9162 0 0 0 0
1628410565.640000105 -12.0850 -3.6891 -4.9167 0 0 0 0
1628410565.860000134 -12.0191 -3.6500 -4.9170 0 0 0 0
1628410565.960000038 -11.9438 -3.6016 -4.9176 0 0 0 0
1628410566.080000162 -11.8796 -3.5577 -4.9178 0 0 0 0
1628410566.210000038 -11.8475 -3.5326 -4.9176 0 0 0 0
1628410566.490000010 -11.7773 -3.4774 -4.9179 0 0 0 0
1628410566.730000019 -11.6529 -3.3387 -4.9178 0 0 0 0
1628410566.860000134 -11.5977 -3.2690 -4.9163 0 0 0 0
1628410566.980000019 -11.5588 -3.2246 -4.9165 0 0 0 0
1628410567.150000095 -11.4301 -3.0932 -4.9161 0 0 0 0
1628410567.270000219 -11.3608 -3.0277 -4.9159 0 0 0 0
1628410567.420000076 -11.2857 -2.9647 -4.9148 0 0 0 0
1628410567.580000162 -11.1672 -2.8964 -4.9138 0 0 0 0
1628410567.759999990 -11.0557 -2.8525 -4.9138 0 0 0 0
1628410567.910000086 -10.9823 -2.8245 -4.9129 0 0 0 0
1628410568.070000172 -10.9222 -2.7999 -4.9125 0 0 0 0
1628410568.230000019 -10.9270 -2.8042 -4.9126 0 0 0 0
1628410568.430000067 -10.9585 -2.8160 -4.9129 0 0 0 0
1628410568.550000191 -11.0165 -2.8365 -4.9120 0 0 0 0
1628410568.660000086 -11.0545 -2.8515 -4.9118 0 0 0 0
1628410568.759999990 -11.1239 -2.8788 -4.9108 0 0 0 0
1628410568.880000114 -11.1743 -2.8951 -4.9125 0 0 0 0
1628410569.030000210 -11.3214 -2.9337 -4.9123 0 0 0 0
1628410569.150000095 -11.3831 -2.9500 -4.9126 0 0 0 0
1628410569.250000000 -11.4773 -2.9752 -4.9124 0 0 0 0
1628410569.430000067 -11.6054 -3.0159 -4.9125 0 0 0 0
1628410569.550000191 -11.6702 -3.0417 -4.9127 0 0 0 0
1628410569.710000038 -11.7334 -3.0667 -4.9123 0 0 0 0
1628410569.890000105 -11.9175 -3.1470 -4.9129 0 0 0 0
1628410570.060000181 -12.0281 -3.2136 -4.9127 0 0 0 0
1628410570.290000200 -12.1546 -3.3160 -4.9129 0 0 0 0
1628410570.430000067 -12.2726 -3.4216 -4.9140 0 0 0 0
1628410570.540000200 -12.3137 -3.4661 -4.9139 0 0 0 0
1628410570.690000057 -12.3527 -3.5140 -4.9142 0 0 0 0
1628410570.830000162 -12.4435 -3.6302 -4.9142 0 0 0 0
1628410570.950000048 -12.4921 -3.7059 -4.9148 0 0 0 0
1628410571.080000162 -12.5197 -3.7562 -4.9147 0 0 0 0
1628410571.250000000 -12.5858 -3.8958 -4.9150 0 0 0 0
1628410571.350000143 -12.6223 -3.9762 -4.9145 0 0 0 0
1628410571.490000010 -12.6581 -4.0656 -4.9152 0 0 0 0
1628410571.759999990 -12.6828 -4.1607 -4.9151 0 0 0 0
1628410571.900000095 -12.7100 -4.3319 -4.9158 0 0 0 0
1628410572.070000172 -12.7303 -4.5069 -4.9147 0 0 0 0
1628410572.250000000 -12.7300 -4.6514 -4.9160 0 0 0 0
1628410572.410000086 -12.7111 -4.8017 -4.9169 0 0 0 0
1628410572.550000191 -12.6935 -4.9148 -4.9166 0 0 0 0
1628410572.750000000 -12.6415 -5.1024 -4.9187 0 0 0 0
1628410572.920000076 -12.5914 -5.2114 -4.9191 0 0 0 0
1628410573.030000210 -12.5585 -5.2790 -4.9201 0 0 0 0
1628410573.160000086 -12.5248 -5.3439 -4.9201 0 0 0 0
1628410573.310000181 -12.4173 -5.5030 -4.9213 0 0 0 0
1628410573.420000076 -12.3753 -5.5618 -4.9211 0 0 0 0
1628410573.530000210 -12.3270 -5.6230 -4.9221 0 0 0 0
1628410573.700000048 -12.1983 -5.7711 -4.9236 0 0 0 0
1628410573.840000153 -12.1467 -5.8348 -4.9243 0 0 0 0
1628410573.990000010 -12.0367 -6.0033 -4.9259 0 0 0 0
1628410574.150000095 -11.9381 -6.1801 -4.9272 0 0 0 0
1628410574.259999990 -11.9037 -6.2517 -4.9277 0 0 0 0
1628410574.450000048 -11.8630 -6.3666 -4.9281 0 0 0 0
1628410574.560000181 -11.8429 -6.4415 -4.9287 0 0 0 0
1628410574.670000076 -11.8094 -6.5971 -4.9295 0 0 0 0
1628410574.840000153 -11.7956 -6.7120 -4.9292 0 0 0 0
1628410574.980000019 -11.7915 -6.8744 -4.9308 0 0 0 0
1628410575.140000105 -11.8078 -7.0712 -4.9313 0 0 0 0
1628410575.300000191 -11.8241 -7.1548 -4.9319 0 0 0 0
1628410575.430000067 -11.8799 -7.3551 -4.9320 0 0 0 0
1628410575.550000191 -11.9298 -7.4810 -4.9325 0 0 0 0
1628410575.720000029 -11.9928 -7.5919 -4.9325 0 0 0 0
1628410575.910000086 -12.0716 -7.7104 -4.9330 0 0 0 0
1628410576.100000143 -12.1534 -7.8208 -4.9336 0 0 0 0
1628410576.230000019 -12.3176 -7.9824 -4.9317 0 0 0 0
1628410576.390000105 -12.4745 -8.0938 -4.9317 0 0 0 0
1628410576.520000219 -12.5967 -8.1638 -4.9304 0 0 0 0
1628410576.660000086 -12.7814 -8.2407 -4.9300 0 0 0 0
1628410576.800000191 -12.9263 -8.2799 -4.9293 0 0 0 0
1628410577.340000153 -13.5415 -8.3952 -4.9253 0 0 0 0
1628410577.560000181 -13.7443 -8.4568 -4.9244 0 0 0 0
1628410577.710000038 -13.9924 -8.5699 -4.9242 0 0 0 0
1628410577.850000143 -14.2150 -8.7163 -4.9252 0 0 0 0
1628410577.950000048 -14.2965 -8.7831 -4.9246 0 0 0 0
1628410578.050000191 -14.3681 -8.8496 -4.9252 0 0 0 0
1628410578.230000019 -14.5344 -9.0429 -4.9256 0 0 0 0
1628410578.400000095 -14.5869 -9.1268 -4.9251 0 0 0 0
1628410578.520000219 -14.6391 -9.2161 -4.9256 0 0 0 0
1628410578.630000114 -14.7025 -9.3410 -4.9245 0 0 0 0
1628410578.780000210 -14.7685 -9.5201 -4.9239 0 0 0 0
1628410578.940000057 -14.7980 -9.6549 -4.9239 0 0 0 0
1628410579.100000143 -14.8301 -9.8370 -4.9232 0 0 0 0
1628410579.240000010 -14.8333 -9.9749 -4.9237 0 0 0 0
1628410579.480000019 -14.8048 -10.2959 -4.9242 0 0 0 0
1628410579.650000095 -14.7597 -10.4625 -4.9240 0 0 0 0
1628410579.870000124 -14.6725 -10.6738 -4.9245 0 0 0 0
1628410580.009999990 -14.6299 -10.7531 -4.9248 0 0 0 0
1628410580.170000076 -14.5040 -10.9425 -4.9267 0 0 0 0
1628410580.420000076 -14.3425 -11.1061 -4.9263 0 0 0 0
1628410580.540000200 -14.2270 -11.2020 -4.9263 0 0 0 0
1628410580.700000048 -14.0363 -11.3294 -4.9255 0 0 0 0
1628410580.880000114 -13.9013 -11.3892 -4.9277 0 0 0 0
1628410581.030000210 -13.6833 -11.4661 -4.9282 0 0 0 0
1628410581.160000086 -13.5900 -11.4887 -4.9289 0 0 0 0
1628410581.340000153 -13.3541 -11.5128 -4.9284 0 0 0 0
1628410581.470000029 -13.2556 -11.5123 -4.9288 0 0 0 0
1628410581.640000105 -13.0262 -11.4877 -4.9287 0 0 0 0
1628410581.770000219 -12.9375 -11.4655 -4.9273 0 0 0 0
1628410581.870000124 -12.8029 -11.4207 -4.9279 0 0 0 0
1628410582.000000000 -12.7164 -11.3894 -4.9277 0 0 0 0
1628410582.259999990 -12.5081 -11.2837 -4.9275 0 0 0 0
1628410582.380000114 -12.4321 -11.2276 -4.9281 0 0 0 0
1628410582.520000219 -12.2178 -11.0468 -4.9272 0 0 0 0
1628410582.640000105 -12.0984 -10.9062 -4.9273 0 0 0 0
1628410582.800000191 -12.0191 -10.7855 -4.9276 0 0 0 0
1628410582.950000048 -11.9971 -10.7482 -4.9278 0 0 0 0
1628410583.050000191 -11.9301 -10.6210 -4.9278 0 0 0 0
1628410583.170000076 -11.8566 -10.4477 -4.9274 0 0 0 0
1628410583.300000191 -11.8090 -10.3073 -4.9274 0 0 0 0
1628410583.400000095 -11.7653 -10.1713 -4.9272 0 0 0 0
1628410583.540000200 -11.6911 -9.9875 -4.9286 0 0 0 0
1628410583.710000038 -11.6279 -9.8521 -4.9287 0 0 0 0
1628410583.840000153 -11.5282 -9.6737 -4.9291 0 0 0 0
1628410583.960000038 -11.4731 -9.5912 -4.9294 0 0 0 0
1628410584.070000172 -11.4144 -9.5140 -4.9298 0 0 0 0
1628410584.200000048 -11.3179 -9.4023 -4.9299 0 0 0 0
1628410584.420000076 -11.1790 -9.2708 -4.9311 0 0 0 0
1628410584.550000191 -11.0704 -9.1898 -4.9316 0 0 0 0
1628410584.700000048 -10.8668 -9.0763 -4.9316 0 0 0 0
1628410584.850000143 -10.7090 -8.9967 -4.9323 0 0 0 0
1628410584.960000038 -10.6315 -8.9609 -4.9324 0 0 0 0
1628410585.140000105 -10.4915 -8.8988 -4.9314 0 0 0 0
1628410585.250000000 -10.4623 -8.8846 -4.9311 0 0 0 0
1628410585.370000124 -10.3259 -8.7933 -4.9318 0 0 0 0
1628410585.550000191 -10.2757 -8.7466 -4.9323 0 0 0 0
1628410585.750000000 -10.2347 -8.7107 -4.9334 0 0 0 0
1628410585.910000086 -10.2568 -8.7302 -4.9331 0 0 0 0
1628410586.009999990 -10.2630 -8.7359 -4.9322 0 0 0 0
1628410586.259999990 -10.3111 -8.7807 -4.9324 0 0 0 0
1628410586.430000067 -10.3457 -8.8079 -4.9320 0 0 0 0
1628410586.540000200 -10.3817 -8.8425 -4.9321 0 0 0 0
1628410586.670000076 -10.4402 -8.8914 -4.9315 0 0 0 0
1628410586.860000134 -10.5390 -8.9660 -4.9321 0 0 0 0
1628410586.970000029 -10.5778 -8.9876 -4.9322 0 0 0 0
1628410587.110000134 -10.6381 -9.0219 -4.9328 0 0 0 0
1628410587.220000029 -10.6602 -9.0355 -4.9329 0 0 0 0
1628410587.850000143 -11.0330 -9.1816 -4.9332 0 0 0 0
1628410588.000000000 -11.2065 -9.2087 -4.9332 0 0 0 0
1628410588.100000143 -11.2825 -9.2168 -4.9335 0 0 0 0
1628410588.200000048 -11.4454 -9.2221 -4.9329 0 0 0 0
1628410588.360000134 -11.6179 -9.2067 -4.9325 0 0 0 0
1628410588.509999990 -11.7513 -9.1831 -4.9325 0 0 0 0
1628410588.650000095 -11.9351 -9.1232 -4.9306 0 0 0 0
1628410588.840000153 -12.1177 -9.0461 -4.9313 0 0 0 0
1628410588.960000038 -12.2525 -8.9642 -4.9308 0 0 0 0
1628410589.090000153 -12.3773 -8.8627 -4.9300 0 0 0 0
1628410589.230000019 -12.5274 -8.7184 -4.9302 0 0 0 0
1628410589.360000134 -12.5929 -8.6380 -4.9300 0 0 0 0
1628410589.509999990 -12.6827 -8.4993 -4.9297 0 0 0 0
1628410589.650000095 -12.7749 -8.3059 -4.9289 0 0 0 0
1628410589.910000086 -12.8495 -7.9974 -4.9281 0 0 0 0
1628410590.050000191 -12.8549 -7.8058 -4.9262 0 0 0 0
1628410590.150000095 -12.8520 -7.7154 -4.9241 0 0 0 0
1628410590.300000191 -12.8482 -7.6044 -4.9236 0 0 0 0
1628410590.450000048 -12.8485 -7.5589 -4.9229 0 0 0 0
1628410590.570000172 -12.8531 -7.5341 -4.9216 0 0 0 0
1628410590.750000000 -12.8587 -7.5768 -4.9238 0 0 0 0
1628410590.910000086 -12.8446 -7.6796 -4.9229 0 0 0 0
1628410591.030000210 -12.8417 -7.7381 -4.9240 0 0 0 0
1628410591.259999990 -12.8401 -7.9149 -4.9255 0 0 0 0
1628410591.440000057 -12.8533 -8.0814 -4.9270 0 0 0 0
1628410591.570000172 -12.8790 -8.2162 -4.9282 0 0 0 0
1628410591.670000076 -12.9152 -8.3513 -4.9289 0 0 0 0
1628410591.880000114 -13.0087 -8.5838 -4.9300 0 0 0 0
1628410592.090000153 -13.1983 -8.8749 -4.9314 0 0 0 0
1628410592.240000010 -13.3363 -9.0209 -4.9317 0 0 0 0
1628410592.420000076 -13.4069 -9.0843 -4.9313 0 0 0 0
1628410592.540000200 -13.4841 -9.1463 -4.9310 0 0 0 0
1628410592.750000000 -13.7221 -9.2885 -4.9291 0 0 0 0
1628410592.860000134 -13.8895 -9.3613 -4.9279 0 0 0 0
1628410593.009999990 -14.0190 -9.4006 -4.9270 0 0 0 0
1628410593.130000114 -14.0611 -9.4101 -4.9266 0 0 0 0
1628410593.250000000 -14.1869 -9.4390 -4.9260 0 0 0 0
1628410593.509999990 -14.4758 -9.5016 -4.9243 0 0 0 0
1628410593.670000076 -14.5549 -9.5198 -4.9234 0 0 0 0
1628410593.790000200 -14.7514 -9.5918 -4.9229 0 0 0 0
1628410593.940000057 -14.8238 -9.6291 -4.9231 0 0 0 0
1628410594.050000191 -14.9321 -9.6901 -4.9218 0 0 0 0
1628410594.160000086 -14.9977 -9.7333 -4.9218 0 0 0 0
1628410594.390000105 -15.2236 -9.9217 -4.9225 0 0 0 0
1628410594.500000000 -15.3113 -10.0151 -4.9231 0 0 0 0
1628410594.650000095 -15.4174 -10.1484 -4.9238 0 0 0 0
1628410594.850000143 -15.5286 -10.3264 -4.9234 0 0 0 0
1628410594.970000029 -15.5602 -10.4075 -4.9237 0 0 0 0
1628410595.110000134 -15.6123 -10.5245 -4.9232 0 0 0 0
1628410595.280000210 -15.6649 -10.6860 -4.9229 0 0 0 0
1628410595.400000095 -15.6878 -10.8104 -4.9234 0 0 0 0
1628410595.530000210 -15.7053 -10.9421 -4.9235 0 0 0 0
1628410595.660000086 -15.7154 -11.0706 -4.9233 0 0 0 0
1628410595.900000095 -15.6890 -11.3472 -4.9232 0 0 0 0
1628410596.060000181 -15.6509 -11.5330 -4.9223 0 0 0 0
1628410596.160000086 -15.6219 -11.6217 -4.9223 0 0 0 0
1628410596.530000210 -15.5255 -11.8536 -4.9231 0 0 0 0
1628410596.670000076 -15.4237 -12.0845 -4.9238 0 0 0 0
1628410596.920000076 -15.3873 -12.1799 -4.9243 0 0 0 0
1628410597.100000143 -15.2640 -12.6311 -4.9265 0 0 0 0
1628410597.259999990 -15.2451 -12.8951 -4.9266 0 0 0 0
1628410597.390000105 -15.2514 -13.0473 -4.9272 0 0 0 0
1628410597.509999990 -15.2607 -13.1482 -4.9273 0 0 0 0
1628410597.700000048 -15.3102 -13.3878 -4.9278 0 0 0 0
1628410597.800000191 -15.3226 -13.4297 -4.9272 0 0 0 0
1628410597.930000067 -15.3625 -13.5567 -4.9276 0 0 0 0
1628410598.070000172 -15.4175 -13.7182 -4.9279 0 0 0 0
1628410598.290000200 -15.4750 -13.8996 -4.9267 0 0 0 0
1628410598.420000076 -15.4804 -13.9281 -4.9274 0 0 0 0
1628410598.600000143 -15.4853 -14.0319 -4.9278 0 0 0 0
1628410598.770000219 -15.4848 -14.0429 -4.9285 0 0 0 0
1628410598.950000048 -15.4837 -14.0132 -4.9269 0 0 0 0
1628410599.060000181 -15.4843 -13.9883 -4.9268 0 0 0 0
1628410599.160000086 -15.4825 -13.9655 -4.9276 0 0 0 0
1628410599.340000153 -15.4776 -13.9237 -4.9265 0 0 0 0
1628410599.440000057 -15.4755 -13.8523 -4.9267 0 0 0 0
1628410599.550000191 -15.4729 -13.7878 -4.9262 0 0 0 0
1628410599.720000029 -15.4666 -13.7420 -4.9269 0 0 0 0
1628410599.850000143 -15.4396 -13.6238 -4.9274 0 0 0 0
1628410599.960000038 -15.4256 -13.5747 -4.9277 0 0 0 0
1628410600.120000124 -15.4110 -13.5248 -4.9271 0 0 0 0
1628410600.230000019 -15.3739 -13.4167 -4.9273 0 0 0 0
1628410600.450000048 -15.3413 -13.3354 -4.9271 0 0 0 0
1628410600.590000153 -15.2668 -13.2017 -4.9267 0 0 0 0
1628410600.780000210 -15.2330 -13.1516 -4.9268 0 0 0 0
1628410600.970000029 -15.0888 -12.9752 -4.9263 0 0 0 0
1628410601.140000105 -14.9944 -12.8866 -4.9264 0 0 0 0
1628410601.250000000 -14.8871 -12.8017 -4.9263 0 0 0 0
1628410601.430000067 -14.7666 -12.7254 -4.9259 0 0 0 0
1628410601.590000153 -14.6686 -12.6808 -4.9260 0 0 0 0
1628410601.790000200 -14.5023 -12.6151 -4.9267 0 0 0 0
1628410601.950000048 -14.4282 -12.5924 -4.9261 0 0 0 0
1628410602.100000143 -14.2872 -12.5700 -4.9265 0 0 0 0
1628410602.259999990 -14.0770 -12.5951 -4.9253 0 0 0 0
1628410602.370000124 -14.0213 -12.6055 -4.9251 0 0 0 0
1628410602.540000200 -13.9399 -12.6188 -4.9206 0 0 0 0
1628410602.650000095 -13.9272 -12.6181 -4.9202 0 0 0 0
1628410602.759999990 -13.9535 -12.6134 -4.9219 0 0 0 0
1628410603.200000048 -14.0013 -12.6062 -4.9223 0 0 0 0
1628410603.310000181 -14.2262 -12.5655 -4.9232 0 0 0 0
1628410603.509999990 -14.4498 -12.4818 -4.9246 0 0 0 0
1628410603.670000076 -14.6062 -12.3988 -4.9256 0 0 0 0
1628410603.840000153 -14.7652 -12.2936 -4.9268 0 0 0 0
1628410603.960000038 -14.8810 -12.1933 -4.9273 0 0 0 0
1628410604.110000134 -14.9520 -12.1209 -4.9276 0 0 0 0
1628410604.330000162 -15.1360 -11.8786 -4.9280 0 0 0 0
1628410604.450000048 -15.1606 -11.8396 -4.9277 0 0 0 0
1628410604.690000057 -15.3117 -11.5171 -4.9289 0 0 0 0
1628410604.810000181 -15.3574 -11.4120 -4.9284 0 0 0 0
1628410604.930000067 -15.3717 -11.3821 -4.9284 0 0 0 0
1628410605.060000181 -15.4339 -11.2732 -4.9277 0 0 0 0
1628410605.160000086 -15.4750 -11.2161 -4.9273 0 0 0 0
1628410605.300000191 -15.5139 -11.1688 -4.9275 0 0 0 0
1628410605.450000048 -15.5584 -11.1241 -4.9272 0 0 0 0
1628410605.550000191 -15.5758 -11.1092 -4.9257 0 0 0 0
1628410605.670000076 -15.5923 -11.0957 -4.9280 0 0 0 0
1628410605.910000086 -15.6074 -11.0746 -4.9265 0 0 0 0
1628410606.110000134 -15.6007 -11.0855 -4.9283 0 0 0 0
1628410606.330000162 -15.5825 -11.1013 -4.9279 0 0 0 0
1628410606.520000219 -15.5637 -11.1203 -4.9276 0 0 0 0
1628410606.670000076 -15.5221 -11.1576 -4.9272 0 0 0 0
1628410606.790000200 -15.4702 -11.2055 -4.9280 0 0 0 0
1628410606.910000086 -15.4307 -11.2523 -4.9275 0 0 0 0
1628410607.030000210 -15.3733 -11.3250 -4.9276 0 0 0 0
1628410607.130000114 -15.3267 -11.3873 -4.9281 0 0 0 0
1628410607.250000000 -15.2966 -11.4318 -4.9279 0 0 0 0
1628410607.509999990 -15.2091 -11.5823 -4.9282 0 0 0 0
1628410607.660000086 -15.1610 -11.6964 -4.9283 0 0 0 0
1628410607.770000219 -15.1399 -11.7565 -4.9280 0 0 0 0
1628410607.940000057 -15.1226 -11.8167 -4.9278 0 0 0 0
1628410608.140000105 -15.0839 -12.0109 -4.9273 0 0 0 0
1628410608.420000076 -15.0744 -12.1377 -4.9258 0 0 0 0
1628410608.550000191 -15.0783 -12.2637 -4.9254 0 0 0 0
1628410608.670000076 -15.0921 -12.3587 -4.9257 0 0 0 0
1628410608.840000153 -15.1268 -12.4615 -4.9240 0 0 0 0
1628410608.980000019 -15.1631 -12.5389 -4.9211 0 0 0 0
1628410609.140000105 -15.1598 -12.5326 -4.9216 0 0 0 0
1628410609.259999990 -15.1357 -12.4708 -4.9214 0 0 0 0
1628410609.500000000 -15.0787 -12.3592 -4.9218 0 0 0 0
1628410609.620000124 -15.0631 -12.3342 -4.9218 0 0 0 0
1628410609.870000124 -14.8971 -12.0818 -4.9229 0 0 0 0
1628410609.990000010 -14.8058 -11.9813 -4.9237 0 0 0 0
1628410610.140000105 -14.7393 -11.9229 -4.9251 0 0 0 0
1628410610.430000067 -14.4412 -11.7266 -4.9270 0 0 0 0
1628410610.620000124 -14.1900 -11.6366 -4.9297 0 0 0 0
1628410610.759999990 -14.0732 -11.6126 -4.9297 0 0 0 0
1628410610.930000067 -13.8093 -11.5716 -4.9310 0 0 0 0
1628410611.100000143 -13.5987 -11.5531 -4.9309 0 0 0 0
1628410611.200000048 -13.5004 -11.5474 -4.9303 0 0 0 0
1628410611.390000105 -13.2625 -11.5150 -4.9302 0 0 0 0
1628410611.580000162 -13.0920 -11.4660 -4.9292 0 0 0 0
1628410611.730000019 -12.9114 -11.3806 -4.9295 0 0 0 0
1628410611.900000095 -12.8169 -11.3237 -4.9298 0 0 0 0
1628410612.120000124 -12.6866 -11.2279 -4.9291 0 0 0 0
1628410612.259999990 -12.6168 -11.1645 -4.9289 0 0 0 0
1628410612.460000038 -12.5528 -11.1019 -4.9284 0 0 0 0
1628410612.730000019 -12.3880 -10.9060 -4.9278 0 0 0 0
1628410612.840000153 -12.3682 -10.8759 -4.9274 0 0 0 0
1628410613.009999990 -12.2760 -10.7274 -4.9276 0 0 0 0
1628410613.160000086 -12.1901 -10.5434 -4.9285 0 0 0 0
1628410613.320000172 -12.1524 -10.4233 -4.9285 0 0 0 0
1628410613.450000048 -12.1412 -10.3791 -4.9285 0 0 0 0
1628410613.970000029 -12.1195 -9.7261 -4.9291 0 0 0 0
1628410614.110000134 -12.1546 -9.5732 -4.9304 0 0 0 0
1628410614.259999990 -12.2273 -9.3805 -4.9306 0 0 0 0
1628410614.410000086 -12.2993 -9.2451 -4.9304 0 0 0 0
1628410614.550000191 -12.3785 -9.1180 -4.9310 0 0 0 0
1628410614.700000048 -12.5493 -8.9267 -4.9306 0 0 0 0
1628410614.830000162 -12.6681 -8.8232 -4.9306 0 0 0 0
1628410614.930000067 -12.7908 -8.7373 -4.9300 0 0 0 0
1628410615.090000153 -12.9294 -8.6611 -4.9287 0 0 0 0
1628410615.300000191 -13.1586 -8.5691 -4.9275 0 0 0 0
1628410615.460000038 -13.3530 -8.5279 -4.9269 0 0 0 0
1628410615.650000095 -13.5546 -8.5050 -4.9266 0 0 0 0
1628410615.770000219 -13.7050 -8.5102 -4.9252 0 0 0 0
1628410615.960000038 -13.9479 -8.5460 -4.9239 0 0 0 0
1628410616.070000172 -14.0409 -8.5736 -4.9238 0 0 0 0
1628410616.250000000 -14.2734 -8.6688 -4.9241 0 0 0 0
1628410616.430000067 -14.3583 -8.7148 -4.9233 0 0 0 0
1628410616.620000124 -14.4465 -8.7739 -4.9233 0 0 0 0
1628410616.770000219 -14.7089 -9.0057 -4.9235 0 0 0 0
1628410616.890000105 -14.7730 -9.0798 -4.9241 0 0 0 0
1628410617.050000191 -14.9263 -9.3279 -4.9226 0 0 0 0
1628410617.250000000 -15.0087 -9.5066 -4.9223 0 0 0 0
1628410617.360000134 -15.0389 -9.5956 -4.9223 0 0 0 0
1628410617.590000153 -15.0876 -9.8884 -4.9222 0 0 0 0
1628410617.740000010 -15.0999 -9.9941 -4.9232 0 0 0 0
1628410617.930000067 -15.0949 -10.1939 -4.9232 0 0 0 0
1628410618.040000200 -15.0771 -10.2955 -4.9240 0 0 0 0
1628410618.170000076 -14.9982 -10.5856 -4.9233 0 0 0 0
1628410618.410000086 -14.9090 -10.7654 -4.9243 0 0 0 0
1628410618.570000172 -14.7765 -10.9854 -4.9249 0 0 0 0
1628410618.690000057 -14.6918 -11.1211 -4.9258 0 0 0 0
1628410618.970000029 -14.6651 -11.1658 -4.9259 0 0 0 0
1628410619.220000029 -14.4626 -11.5655 -4.9272 0 0 0 0
1628410619.370000124 -14.3926 -11.8272 -4.9285 0 0 0 0
1628410619.520000219 -14.3752 -11.9354 -4.9292 0 0 0 0
1628410619.740000010 -14.3787 -12.3109 -4.9291 0 0 0 0
1628410619.900000095 -14.4346 -12.5609 -4.9306 0 0 0 0
1628410620.060000181 -14.4699 -12.6602 -4.9300 0 0 0 0
1628410620.200000048 -14.5129 -12.7491 -4.9296 0 0 0 0
1628410620.470000029 -14.7652 -13.1090 -4.9294 0 0 0 0
1628410620.780000210 -15.0215 -13.3104 -4.9262 0 0 0 0
1628410620.910000086 -15.1000 -13.3558 -4.9261 0 0 0 0
1628410621.070000172 -15.3004 -13.4435 -4.9256 0 0 0 0
1628410621.170000076 -15.4323 -13.4781 -4.9244 0 0 0 0
1628410621.300000191 -15.5174 -13.4955 -4.9233 0 0 0 0
1628410621.410000086 -15.6449 -13.5147 -4.9234 0 0 0 0
1628410621.530000210 -15.6896 -13.5179 -4.9236 0 0 0 0
1628410621.650000095 -15.7741 -13.5186 -4.9233 0 0 0 0
1628410621.870000124 -16.0224 -13.4818 -4.9216 0 0 0 0
1628410621.970000029 -16.1434 -13.4564 -4.9221 0 0 0 0
1628410622.120000124 -16.3047 -13.3939 -4.9222 0 0 0 0
1628410622.360000134 -16.4900 -13.2896 -4.9223 0 0 0 0
1628410622.509999990 -16.5972 -13.2172 -4.9214 0 0 0 0
1628410622.620000124 -16.6894 -13.1350 -4.9219 0 0 0 0
1628410622.790000200 -16.8341 -12.9715 -4.9212 0 0 0 0
1628410622.950000048 -16.8831 -12.9016 -4.9213 0 0 0 0
1628410623.090000153 -16.9854 -12.7154 -4.9204 0 0 0 0
1628410623.250000000 -17.0641 -12.5076 -4.9202 0 0 0 0
1628410623.370000124 -17.0902 -12.3815 -4.9195 0 0 0 0
1628410623.509999990 -17.1037 -12.2920 -4.9194 0 0 0 0
1628410623.640000105 -17.1219 -12.1167 -4.9193 0 0 0 0
1628410623.830000162 -17.1245 -11.8920 -4.9192 0 0 0 0
1628410623.940000057 -17.1259 -11.8067 -4.9192 0 0 0 0
1628410624.110000134 -17.1278 -11.7202 -4.9198 0 0 0 0
1628410624.259999990 -17.1238 -11.5244 -4.9198 0 0 0 0
1628410624.410000086 -17.1171 -11.4486 -4.9197 0 0 0 0
1628410624.550000191 -17.1086 -11.3432 -4.9201 0 0 0 0
1628410624.650000095 -17.1032 -11.2817 -4.9197 0 0 0 0
1628410624.910000086 -17.0804 -11.0946 -4.9187 0 0 0 0
1628410625.040000200 -17.0708 -11.0282 -4.9201 0 0 0 0
1628410625.150000095 -17.0610 -10.9517 -4.9196 0 0 0 0
1628410625.340000153 -17.0508 -10.8904 -4.9187 0 0 0 0
1628410625.450000048 -17.0456 -10.8522 -4.9192 0 0 0 0
1628410625.560000181 -17.0403 -10.8199 -4.9190 0 0 0 0
1628410625.700000048 -17.0383 -10.8098 -4.9188 0 0 0 0
1628410625.830000162 -17.0320 -10.7800 -4.9182 0 0 0 0
1628410625.960000038 -17.0247 -10.7527 -4.9175 0 0 0 0
1628410626.120000124 -17.0181 -10.7129 -4.9173 0 0 0 0
1628410626.259999990 -17.0138 -10.6805 -4.9182 0 0 0 0
1628410626.410000086 -17.0119 -10.6695 -4.9173 0 0 0 0
1628410626.520000219 -17.0094 -10.6647 -4.9178 0 0 0 0
1628410626.750000000 -17.0119 -10.6736 -4.9177 0 0 0 0
1628410626.910000086 -17.0114 -10.6810 -4.9183 0 0 0 0
1628410627.100000143 -17.0117 -10.6841 -4.9183 0 0 0 0
1628410627.250000000 -17.0118 -10.6832 -4.9183 0 0 0 0
1628410627.440000057 -17.0116 -10.6828 -4.9182 0 0 0 0
1628410627.590000153 -17.0117 -10.6835 -4.9182 0 0 0 0
1628410627.690000057 -17.0117 -10.6834 -4.9182 0 0 0 0
1628410627.860000134 -17.0117 -10.6830 -4.9181 0 0 0 0
1628410627.970000029 -17.0118 -10.6834 -4.9181 0 0 0 0
1628410628.130000114 -17.0115 -10.6833 -4.9183 0 0 0 0
1628410628.259999990 -17.0117 -10.6833 -4.9183 0 0 0 0
1628410628.450000048 -17.0116 -10.6834 -4.9182 0 0 0 0
1628410628.630000114 -17.0115 -10.6833 -4.9182 0 0 0 0
1628410628.740000010 -17.0117 -10.6835 -4.9182 0 0 0 0
1628410628.900000095 -17.0115 -10.6835 -4.9181 0 0 0 0
1628410629.009999990 -17.0116 -10.6836 -4.9183 0 0 0 0
1628410629.130000114 -17.0116 -10.6835 -4.9182 0 0 0 0
1628410629.550000191 -17.0115 -10.6837 -4.9182 0 0 0 0
1628410629.660000086 -17.0117 -10.6835 -4.9182 0 0 0 0
1628410629.770000219 -17.0116 -10.6836 -4.9183 0 0 0 0
1628410629.930000067 -17.0116 -10.6838 -4.9182 0 0 0 0
1628410630.040000200 -17.0116 -10.6836 -4.9182 0 0 0 0
1628410630.180000067 -17.0115 -10.6836 -4.9182 0 0 0 0
1628410630.370000124 -17.0114 -10.6836 -4.9182 0 0 0 0
1628410630.509999990 -17.0115 -10.6837 -4.9182 0 0 0 0
1628410630.650000095 -17.0115 -10.6837 -4.9181 0 0 0 0
1628410630.770000219 -17.0116 -10.6837 -4.9182 0 0 0 0
1628410630.940000057 -17.0115 -10.6837 -4.9182 0 0 0 0
1628410631.080000162 -17.0116 -10.6837 -4.9182 0 0 0 0
1628410631.210000038 -17.0116 -10.6837 -4.9182 0 0 0 0
1628410631.400000095 -17.0114 -10.6836 -4.9181 0 0 0 0
1628410631.550000191 -17.0116 -10.6837 -4.9182 0 0 0 0
1628410631.660000086 -17.0115 -10.6836 -4.9183 0 0 0 0
1628410631.759999990 -17.0116 -10.6837 -4.9182 0 0 0 0
1628410631.920000076 -17.0115 -10.6837 -4.9182 0 0 0 0
1628410632.030000210 -17.0116 -10.6838 -4.9182 0 0 0 0
1628410632.210000038 -17.0115 -10.6837 -4.9182 0 0 0 0
1628410632.420000076 -17.0115 -10.6838 -4.9182 0 0 0 0
1628410632.540000200 -17.0114 -10.6838 -4.9182 0 0 0 0
1628410632.650000095 -17.0116 -10.6839 -4.9183 0 0 0 0
1628410632.800000191 -17.0116 -10.6839 -4.9182 0 0 0 0
1628410632.960000038 -17.0114 -10.6838 -4.9182 0 0 0 0
1628410633.060000181 -17.0115 -10.6838 -4.9183 0 0 0 0
1628410633.180000067 -17.0114 -10.6838 -4.9183 0 0 0 0
1628410633.290000200 -17.0115 -10.6838 -4.9182 0 0 0 0
1628410633.430000067 -17.0115 -10.6838 -4.9182 0 0 0 0
1628410633.600000143 -17.0115 -10.6838 -4.9182 0 0 0 0
1628410633.740000010 -17.0116 -10.6839 -4.9182 0 0 0 0
1628410633.840000153 -17.0116 -10.6839 -4.9184 0 0 0 0
1628410633.960000038 -17.0115 -10.6838 -4.9183 0 0 0 0
1628410634.100000143 -17.0114 -10.6839 -4.9182 0 0 0 0
1628410634.210000038 -17.0115 -10.6838 -4.9183 0 0 0 0
1628410634.380000114 -17.0116 -10.6839 -4.9182 0 0 0 0
1628410634.650000095 -17.0116 -10.6841 -4.9182 0 0 0 0
1628410634.790000200 -17.0114 -10.6839 -4.9182 0 0 0 0
1628410634.940000057 -17.0114 -10.6841 -4.9182 0 0 0 0
1628410635.110000134 -17.0115 -10.6839 -4.9184 0 0 0 0
1628410635.250000000 -17.0114 -10.6839 -4.9183 0 0 0 0
1628410635.390000105 -17.0115 -10.6839 -4.9183 0 0 0 0
1628410635.509999990 -17.0115 -10.6839 -4.9183 0 0 0 0
1628410635.620000124 -17.0114 -10.6840 -4.9183 0 0 0 0
1628410635.759999990 -17.0115 -10.6840 -4.9182 0 0 0 0
1628410635.870000124 -17.0114 -10.6841 -4.9182 0 0 0 0
1628410636.050000191 -17.0113 -10.6842 -4.9183 0 0 0 0
1628410636.160000086 -17.0114 -10.6841 -4.9183 0 0 0 0
1628410636.259999990 -17.0114 -10.6842 -4.9183 0 0 0 0
1628410636.490000010 -17.0114 -10.6840 -4.9182 0 0 0 0
1628410636.660000086 -17.0114 -10.6841 -4.9183 0 0 0 0
1628410636.770000219 -17.0114 -10.6841 -4.9183 0 0 0 0
1628410636.990000010 -17.0114 -10.6840 -4.9183 0 0 0 0
1628410637.110000134 -17.0114 -10.6843 -4.9183 0 0 0 0
1628410637.230000019 -17.0112 -10.6842 -4.9181 0 0 0 0
1628410637.420000076 -17.0113 -10.6843 -4.9182 0 0 0 0
1628410637.550000191 -17.0112 -10.6842 -4.9182 0 0 0 0
1628410637.660000086 -17.0113 -10.6843 -4.9181 0 0 0 0
1628410637.759999990 -17.0113 -10.6843 -4.9181 0 0 0 0
1628410637.940000057 -17.0114 -10.6842 -4.9182 0 0 0 0
1628410638.110000134 -17.0114 -10.6843 -4.9183 0 0 0 0
1628410638.300000191 -17.0113 -10.6842 -4.9183 0 0 0 0
1628410638.420000076 -17.0113 -10.6842 -4.9183 0 0 0 0
1628410638.590000153 -17.0114 -10.6843 -4.9182 0 0 0 0
1628410638.710000038 -17.0115 -10.6844 -4.9182 0 0 0 0
1628410638.810000181 -17.0114 -10.6842 -4.9183 0 0 0 0
1628410638.940000057 -17.0113 -10.6842 -4.9183 0 0 0 0
1628410639.080000162 -17.0112 -10.6844 -4.9183 0 0 0 0
1628410639.230000019 -17.0112 -10.6843 -4.9183 0 0 0 0
1628410639.350000143 -17.0113 -10.6842 -4.9183 0 0 0 0
1628410639.470000029 -17.0113 -10.6843 -4.9182 0 0 0 0
1628410639.580000162 -17.0113 -10.6844 -4.9183 0 0 0 0
1628410640.230000019 -17.0112 -10.6842 -4.9184 0 0 0 0
1628410640.410000086 -17.0112 -10.6845 -4.9184 0 0 0 0
1628410640.550000191 -17.0112 -10.6844 -4.9184 0 0 0 0
1628410640.650000095 -17.0113 -10.6844 -4.9183 0 0 0 0
1628410640.820000172 -17.0112 -10.6844 -4.9184 0 0 0 0
1628410640.940000057 -17.0113 -10.6845 -4.9184 0 0 0 0
1628410641.040000200 -17.0112 -10.6844 -4.9184 0 0 0 0
1628410641.160000086 -17.0112 -10.6843 -4.9184 0 0 0 0
1628410641.310000181 -17.0114 -10.6844 -4.9184 0 0 0 0
1628410641.440000057 -17.0114 -10.6844 -4.9185 0 0 0 0
1628410641.610000134 -17.0113 -10.6844 -4.9184 0 0 0 0
1628410641.750000000 -17.0113 -10.6843 -4.9184 0 0 0 0
1628410641.870000124 -17.0113 -10.6845 -4.9184 0 0 0 0
1628410641.990000010 -17.0112 -10.6844 -4.9183 0 0 0 0
1628410642.120000124 -17.0113 -10.6844 -4.9183 0 0 0 0
1628410642.250000000 -17.0113 -10.6843 -4.9184 0 0 0 0
1628410642.400000095 -17.0113 -10.6843 -4.9184 0 0 0 0
1628410642.500000000 -17.0112 -10.6844 -4.9185 0 0 0 0
1628410642.600000143 -17.0112 -10.6844 -4.9184 0 0 0 0
1628410642.720000029 -17.0113 -10.6845 -4.9184 0 0 0 0
1628410642.840000153 -17.0112 -10.6845 -4.9183 0 0 0 0
1628410642.970000029 -17.0113 -10.6845 -4.9183 0 0 0 0
1628410643.090000153 -17.0113 -10.6845 -4.9183 0 0 0 0
1628410643.250000000 -17.0112 -10.6845 -4.9183 0 0 0 0
1628410643.430000067 -17.0114 -10.6844 -4.9183 0 0 0 0
1628410643.550000191 -17.0115 -10.6846 -4.9183 0 0 0 0
1628410643.650000095 -17.0115 -10.6843 -4.9183 0 0 0 0
1628410643.770000219 -17.0113 -10.6844 -4.9182 0 0 0 0
